0.000044
0.000031
0.000062
0.000043
0.000063
0.000086
0.000071
0.000069
0.000040
0.000027
0.000048
0.000040
0.000055
0.000076
0.000068
0.000069
0.000034
0.000029
0.000059
0.000040
0.000051
0.000074
0.000060
0.000069
0.000089
0.000087
0.000092
0.000108
0.000110
0.000096
0.000125
0.000113
0.000146
0.000143
0.000176
0.000131
0.000154
0.000184
0.000156
0.000230
0.000161
0.000212
0.000181
0.000230
0.000272
0.000192
0.000218
0.000228
0.000289
0.000228
0.000230
0.000321
0.000269
0.000337
0.000498
0.000297
0.000345
0.000338
0.000417
0.000334
0.000367
0.000292
0.000319
0.000409
0.000379
0.000425
0.000348
0.000429
0.000345
0.000420
0.000449
0.000363
0.000451
0.000377
0.000452
0.000457
0.000455
0.000472
0.000399
0.000485
0.000430
0.000506
0.000510
0.000449
0.000570
0.000530
0.000454
0.000547
0.000543
0.000835
0.000498
0.000579
0.000573
0.000612
0.000568
0.000627
0.000583
0.000593
0.000604
0.000548
0.000681
0.000642
0.000642
0.000650
0.000660
0.000704
0.000597
0.000730
0.000690
0.000662
0.000660
0.000678
0.000675
0.000691
0.001101
0.000728
0.000705
0.000723
0.000729
0.000715
0.000738
0.000749
0.000777
0.000772
0.000759
0.000822
0.000764
0.000835
0.000772
0.000779
0.000798
0.000806
0.000850
0.001567
0.000857
0.000858
0.000921
0.000843
0.000847
0.000860
0.000869
0.000940
0.000883
0.000873
0.000890
0.000998
0.000905
0.000934
0.000921
0.001106
0.001697
0.001518
0.001510
0.001050
0.001002
0.001225
0.001008
0.001250
0.001097
0.001493
0.001016
0.001173
0.001118
0.001205
0.001058
0.001162
0.001036
0.001048
0.001132
0.001062
0.001156
0.001083
0.001386
0.001092
0.001938
0.001927
0.001194
0.001428
0.001158
0.001209
0.001135
0.001230
0.001263
0.001182
0.001223
0.001176
0.001504
0.001272
0.001164
0.001244
0.001252
0.001285
0.001239
0.001293
0.001315
0.001213
0.001318
0.001332
0.001741
0.001400
0.001342
0.001312
0.001577
0.001348
0.001525
0.001754
0.003016
0.003800
0.002249
0.002121
0.002511
0.002424
0.003455
0.005065
0.002131
0.002121
0.003039
0.002533
0.002249
0.001955
0.001436
0.001446
0.001486
0.001440
0.001518
0.001535
0.001633
0.001481
0.001507
0.001499
0.001508
0.001611
0.001913
0.001673
0.001574
0.001966
0.001628
0.001923
0.001563
0.001618
0.001558
0.001579
0.001738
0.001624
0.002179
0.001687
0.001639
0.001730
0.001897
0.001752
0.001797
0.001697
0.001682
0.003388
0.003352
0.003105
0.003214
0.003644
0.003507
0.001719
0.001860
0.001826
0.001719
0.001826
0.001712
0.002092
0.001721
0.001837
0.001814
0.001757
0.001830
0.001756
0.001939
0.002576
0.002189
0.003092
0.002644
0.001805
0.001954
0.001875
0.001883
0.002070
0.001959
0.001846
0.001909
0.002010
0.002019
0.001971
0.002533
0.002809
0.001977
0.001979
0.002079
0.002034
0.001995
0.003683
0.003375
0.003737
0.003911
0.004384
0.004357
0.003540
0.002131
0.002107
0.002384
0.002070
0.002249
0.002148
0.002194
0.002167
0.002136
0.002474
0.002168
0.002124
0.002133
0.002134
0.002052
0.002137
0.002138
0.003016
0.002256
0.002257
0.002251
0.002221
0.002211
0.003368
0.003942
0.002522
0.002190
0.002474
0.002331
0.002516
0.002317
0.002225
0.002263
0.002234
0.002257
0.002474
0.002654
0.002370
0.002298
0.002274
0.002274
0.002283
0.003342
0.003443
0.003854
0.003648
0.003150
0.002427
0.002364
0.002490
0.002409
0.002476
0.002596
0.002794
0.002589
0.002387
0.002904
0.002596
0.003375
0.003684
0.003764
0.003591
0.004865
0.002844
0.003606
0.002643
0.002543
0.002720
0.002445
0.002525
0.002455
0.002538
0.002462
0.002901
0.002651
0.002700
0.002489
0.002505
0.002582
0.004220
0.004206
0.004112
0.004174
0.002945
0.002648
0.002629
0.002546
0.002675
0.002988
0.003121
0.002817
0.002832
0.002744
0.002952
0.004408
0.002849
0.002599
0.002808
0.003069
0.002623
0.002809
0.002797
0.002780
0.002895
0.003505
0.002775
0.002842
0.002718
0.002825
0.003145
0.002886
0.002795
0.003024
0.002799
0.003485
0.002866
0.002856
0.003043
0.002774
0.003087
0.002929
0.002939
0.003177
0.002943
0.002958
0.003449
0.003182
0.002991
0.003171
0.003249
0.004341
0.004052
0.004272
0.004206
0.003046
0.003076
0.003291
0.003071
0.003799
0.003076
0.003166
0.003214
0.003450
0.003056
0.003161
0.003114
0.003097
0.003707
0.003097
0.003158
0.003064
0.003147
0.003506
0.003182
0.003118
0.003116
0.003350
0.003388
0.003159
0.003204
0.003189
0.003184
0.003546
0.003332
0.003162
0.003135
0.003494
0.003181
0.003325
0.003324
0.003180
0.003442
0.003413
0.003317
0.003377
0.003881
0.003300
0.003345
0.003326
0.003442
0.003511
0.003463
0.003479
0.003353
0.003466
0.003616
0.003355
0.003374
0.003281
0.003740
0.003505
0.003498
0.003328
0.003517
0.004000
0.003543
0.003606
0.003524
0.003890
0.003491
0.003485
0.003510
0.003610
0.003579
0.003799
0.003594
0.003603
0.003837
0.003864
0.003870
0.003443
0.004269
0.003563
0.003620
0.003458
0.003977
0.003598
0.003582
0.003566
0.003515
0.004008
0.003557
0.003653
0.003591
0.003901
0.003907
0.003825
0.003809
0.004023
0.003732
0.003694
0.003678
0.004371
0.003861
0.003791
0.003746
0.004174
0.003729
0.004538
0.004947
0.003760
0.003703
0.003787
0.004045
0.003771
0.003866
0.003840
0.003906
0.003804
0.003790
0.003791
0.004214
0.003820
0.003816
0.004216
0.004098
0.003902
0.003855
0.003836
0.004390
0.003854
0.003939
0.003931
0.004134
0.003951
0.003898
0.003916
0.004353
0.003932
0.004029
0.004274
0.004045
0.003945
0.004051
0.004246
0.004062
0.004222
0.003965
0.004628
0.004076
0.004116
0.004073
0.004103
0.004237
0.003994
0.003968
0.004194
0.004050
0.004051
0.004140
0.004122
0.004058
0.004112
0.004156
0.004136
0.004080
0.004108
0.004535
0.004116
0.004216
0.005041
0.004564
0.004300
0.004212
0.004800
0.004117
0.004207
0.004167
0.004602
0.004584
0.004228
0.004388
0.004253
0.005921
0.006202
0.004778
0.005734
0.006146
0.004630
0.006641
0.005762
0.005183
0.004979
0.004636
0.004769
0.004350
0.005161
0.004800
0.005241
0.005689
0.005524
0.005048
0.004727
0.005051
0.006100
0.005575
0.005154
0.004497
0.004914
0.005301
0.005666
0.005079
0.004413
0.005514
0.005152
0.004652
0.004637
0.005033
0.004797
0.004664
0.005298
0.005611
0.004680
0.005388
0.005985
0.005386
0.004614
0.007006
0.006300
0.008285
0.005149
0.004718
0.005419
0.004538
0.004680
0.005721
0.005475
0.005148
0.004724
0.004723
0.004911
0.004815
0.004818
0.004588
0.005333
0.004644
0.004688
0.004973
0.004670
0.005023
0.005006
0.004815
0.004707
0.005010
0.004872
0.004650
0.004787
0.004985
0.004709
0.004796
0.005235
0.004850
0.004727
0.006128
0.004898
0.004863
0.005030
0.004879
0.004887
0.004890
0.004940
0.004864
0.004835
0.005170
0.004971
0.004848
0.005301
0.004851
0.004881
0.005184
0.004865
0.004944
0.005178
0.004886
0.004957
0.005041
0.004925
0.004948
0.004979
0.005046
0.005008
0.004930
0.005700
0.005226
0.005464
0.005108
0.005700
0.005601
0.007202
0.005257
0.005577
0.006172
0.005442
0.005596
0.005313
0.005787
0.005369
0.006300
0.007366
0.005409
0.009199
0.010101
0.009080
0.007089
0.009210
0.005407
0.006853
0.006277
0.005768
0.005401
0.005748
0.005634
0.005925
0.005250
0.005874
0.005388
0.005544
0.005330
0.005318
0.005920
0.005515
0.005459
0.005822
0.005671
0.005310
0.006714
0.005525
0.005365
0.005700
0.005410
0.005311
0.007722
0.008546
0.013065
0.008752
0.008227
0.006057
0.005748
0.007300
0.011378
0.005676
0.005866
0.007110
0.005499
0.005452
0.006592
0.006106
0.006390
0.008130
0.006182
0.006291
0.006240
0.006987
0.008416
0.008444
0.006478
0.006844
0.005979
0.006673
0.008817
0.006656
0.006358
0.006341
0.006625
0.006290
0.007000
0.006229
0.005667
0.007220
0.006496
0.006649
0.005921
0.006099
0.007672
0.007219
0.006715
0.006835
0.006469
0.008092
0.007037
0.006211
0.006273
0.007071
0.006788
0.006501
0.006035
0.005862
0.009236
0.005979
0.006529
0.005745
0.006712
0.006129
0.006146
0.006131
0.006130
0.006130
0.006005
0.005877
0.006559
0.006109
0.006145
0.005907
0.005997
0.006933
0.010638
0.009069
0.012251
0.012948
0.007073
0.006579
0.006621
0.007966
0.007952
0.006687
0.007069
0.006766
0.007752
0.006647
0.007117
0.007495
0.007001
0.006733
0.007442
0.006658
0.006728
0.006530
0.006073
0.006448
0.006210
0.006771
0.006214
0.006203
0.006995
0.006323
0.006840
0.006287
0.006883
0.007580
0.007790
0.007577
0.007365
0.007127
0.006372
0.006702
0.006112
0.007863
0.007246
0.006401
0.006387
0.006787
0.006583
0.006195
0.006453
0.006177
0.006660
0.007543
0.006876
0.006801
0.006944
0.006773
0.006408
0.006806
0.006462
0.006408
0.006932
0.006569
0.007323
0.006553
0.007386
0.007334
0.007419
0.007044
0.009693
0.009387
0.006566
0.006641
0.010890
0.006657
0.008107
0.009194
0.013116
0.011468
0.010279
0.006694
0.008839
0.009003
0.008526
0.006680
0.008401
0.014280
0.014201
0.013946
0.013134
0.014079
0.012908
0.010300
0.009804
0.013008
0.013396
0.013343
0.008598
0.013086
0.010986
0.009447
0.012106
0.010486
0.009953
0.012775
0.012557
0.010871
0.008761
0.009005
0.007289
0.008268
0.007248
0.007899
0.007902
0.009594
0.008731
0.009022
0.008225
0.007929
0.007981
0.007848
0.009231
0.007501
0.008979
0.007808
0.008276
0.008076
0.008823
0.009008
0.009278
0.008754
0.008580
0.009815
0.007691
0.009191
0.007453
0.013369
0.008322
0.008791
0.009397
0.010113
0.011687
0.008666
0.009027
0.008032
0.007440
0.007825
0.008112
0.007166
0.008559
0.008375
0.009189
0.007448
0.010327
0.007601
0.012212
0.013012
0.019577
0.010431
0.008481
0.010021
0.008192
0.007565
0.007698
0.008327
0.011212
0.010188
0.007123
0.007361
0.007231
0.007594
0.006948
0.007067
0.007498
0.007087
0.007520
0.007141
0.007641
0.007250
0.007246
0.007090
0.007274
0.007066
0.007355
0.007108
0.007291
0.007164
0.007436
0.008218
0.007436
0.007552
0.007557
0.007527
0.007309
0.007419
0.007159
0.007831
0.007238
0.007591
0.007288
0.007460
0.007708
0.008630
0.008157
0.011648
0.010959
0.007470
0.008065
0.007449
0.007567
0.007528
0.007757
0.007455
0.008137
0.007412
0.007974
0.007580
0.011115
0.011933
0.008350
0.008258
0.007552
0.009979
0.008186
0.008805
0.007834
0.011027
0.008820
0.007750
0.009274
0.008636
0.008699
0.008899
0.009645
0.008996
0.008718
0.010308
0.009637
0.010392
0.013858
0.012787
0.013366
0.011207
0.012883
0.011785
0.011601
0.008459
0.015515
0.012235
0.015950
0.013886
0.012078
0.013924
0.010324
0.011153
0.011142
0.015478
0.013485
0.015291
0.013766
0.016677
0.013699
0.015210
0.015954
0.011737
0.008627
0.007831
0.010669
0.012966
0.013367
0.007820
0.008458
0.008136
0.010150
0.008621
0.011910
0.009698
0.010228
0.009003
0.008337
0.009176
0.009155
0.007912
0.008941
0.008112
0.008230
0.008055
0.008477
0.007827
0.010625
0.008891
0.008318
0.009399
0.008060
0.008316
0.008458
0.008357
0.008168
0.008473
0.008660
0.008120
0.008127
0.007987
0.009149
0.007899
0.008488
0.008089
0.008425
0.008033
0.008437
0.008103
0.013874
0.011569
0.008170
0.013241
0.008850
0.008553
0.012581
0.011530
0.009248
0.008197
0.008582
0.008104
0.008448
0.008003
0.008523
0.008008
0.008376
0.008030
0.008581
0.008062
0.008601
0.008555
0.008099
0.008761
0.008173
0.008588
0.008149
0.008336
0.008169
0.008369
0.008193
0.008775
0.008572
0.008997
0.008727
0.008313
0.008734
0.008294
0.008422
0.008335
0.008731
0.008328
0.008930
0.008439
0.008892
0.008573
0.008612
0.008800
0.008431
0.009135
0.009134
0.011468
0.009311
0.009863
0.010400
0.009850
0.016945
0.009309
0.009971
0.010175
0.017619
0.010773
0.011106
0.010505
0.009763
0.009665
0.010782
0.013275
0.012098
0.013565
0.012142
0.012636
0.011083
0.010573
0.011369
0.009513
0.009348
0.010700
0.009485
0.009428
0.009965
0.009502
0.009697
0.010555
0.009966
0.011132
0.010848
0.010801
0.010036
0.010237
0.014936
0.008906
0.008939
0.008729
0.008974
0.008800
0.009268
0.009649
0.013511
0.009190
0.008858
0.008951
0.009117
0.008828
0.009208
0.008878
0.008804
0.009258
0.009395
0.009258
0.009060
0.008960
0.009308
0.009081
0.009274
0.009130
0.009660
0.009175
0.008894
0.009158
0.008931
0.009329
0.009338
0.010097
0.009717
0.011286
0.016549
0.014305
0.015890
0.015059
0.010633
0.013322
0.010582
0.011365
0.011401
0.011013
0.010662
0.011195
0.011258
0.011079
0.010704
0.010200
0.010741
0.011216
0.010794
0.010496
0.012655
0.013293
0.010578
0.011546
0.011544
0.010434
0.015472
0.017414
0.011801
0.011102
0.010047
0.009633
0.010044
0.009662
0.009324
0.009486
0.009340
0.015792
0.009493
0.009517
0.009580
0.010123
0.010088
0.009793
0.010850
0.009648
0.014082
0.011435
0.010860
0.009358
0.010054
0.010344
0.010818
0.009824
0.010148
0.009445
0.009544
0.009473
0.009442
0.009648
0.009373
0.012933
0.009442
0.009293
0.009718
0.010106
0.009766
0.012026
0.011983
0.010268
0.009718
0.010794
0.010084
0.009875
0.013039
0.012007
0.009848
0.010060
0.010195
0.011149
0.009850
0.010613
0.010214
0.010158
0.010252
0.009752
0.009942
0.010342
0.009615
0.010074
0.009745
0.009838
0.010558
0.009615
0.010230
0.010197
0.009458
0.011006
0.013779
0.013354
0.010793
0.010076
0.009964
0.010009
0.010163
0.010222
0.009614
0.009884
0.010025
0.009760
0.009776
0.009666
0.009869
0.009994
0.009689
0.009842
0.009859
0.009676
0.009945
0.014506
0.012762
0.011289
0.013583
0.010831
0.009924
0.009928
0.010327
0.009770
0.009976
0.010046
0.009729
0.010193
0.009940
0.009886
0.011263
0.011827
0.011142
0.011438
0.011184
0.010388
0.009863
0.010446
0.011038
0.009784
0.010414
0.010458
0.009962
0.010136
0.010341
0.010212
0.010578
0.010609
0.010609
0.010864
0.010554
0.010474
0.010908
0.010304
0.010142
0.010577
0.011099
0.011519
0.011271
0.010408
0.009963
0.010475
0.010468
0.010041
0.010259
0.010471
0.010031
0.010472
0.010395
0.010848
0.010698
0.010299
0.010249
0.010566
0.010567
0.010209
0.010376
0.010370
0.010767
0.012460
0.010675
0.010489
0.010731
0.011054
0.010697
0.010725
0.010773
0.010437
0.010292
0.010645
0.010471
0.010265
0.010574
0.010212
0.010466
0.010294
0.010265
0.010615
0.013008
0.010578
0.010295
0.010539
0.010381
0.010329
0.010809
0.010374
0.010406
0.010675
0.010518
0.010425
0.010797
0.010834
0.010776
0.011013
0.011668
0.011306
0.011709
0.011194
0.011488
0.010869
0.010933
0.012831
0.012212
0.014851
0.010415
0.011239
0.013647
0.016041
0.011662
0.013340
0.013698
0.015578
0.012620
0.011535
0.012072
0.011791
0.019776
0.011822
0.011730
0.012606
0.012369
0.010810
0.011866
0.011712
0.012743
0.011480
0.019204
0.010527
0.011076
0.011410
0.011202
0.010595
0.012051
0.011023
0.010712
0.010919
0.011402
0.010790
0.010957
0.011932
0.011137
0.010864
0.011314
0.012335
0.012475
0.013013
0.010778
0.010999
0.011041
0.010626
0.011977
0.010950
0.010679
0.010930
0.011001
0.011278
0.010828
0.011272
0.013366
0.015176
0.012452
0.011024
0.010809
0.012425
0.010994
0.011097
0.011463
0.016269
0.012922
0.011871
0.011048
0.011174
0.011343
0.011008
0.012102
0.015512
0.012447
0.015540
0.011533
0.013948
0.017685
0.011998
0.011227
0.011038
0.011484
0.011391
0.011098
0.019209
0.011671
0.011546
0.015051
0.012294
0.012169
0.012365
0.014431
0.016241
0.011825
0.015388
0.015197
0.013420
0.014671
0.013878
0.015027
0.016066
0.017626
0.012223
0.012032
0.012050
0.019277
0.011666
0.012435
0.012475
0.012325
0.012232
0.012030
0.015080
0.016967
0.014642
0.017800
0.012537
0.012979
0.012215
0.014711
0.016765
0.013976
0.012386
0.011801
0.012895
0.012599
0.012547
0.011926
0.013445
0.013465
0.012540
0.012530
0.013293
0.011879
0.016733
0.012230
0.013674
0.012220
0.012373
0.011645
0.012084
0.012070
0.012550
0.011868
0.011829
0.013100
0.013347
0.014040
0.013853
0.012715
0.012062
0.012585
0.012322
0.011992
0.012143
0.011769
0.012145
0.012470
0.011797
0.011576
0.012010
0.017489
0.013475
0.012370
0.012011
0.011905
0.011867
0.012124
0.012008
0.012551
0.012347
0.019170
0.011930
0.011836
0.012153
0.012505
0.012686
0.011854
0.012546
0.013737
0.012084
0.012651
0.014585
0.012174
0.012401
0.012164
0.012344
0.011931
0.012907
0.014312
0.012815
0.013391
0.013802
0.014281
0.015009
0.016067
0.015167
0.016378
0.013868
0.013007
0.012264
0.013205
0.013811
0.013642
0.012128
0.012161
0.012300
0.012996
0.013347
0.012674
0.012002
0.012452
0.012443
0.012390
0.014202
0.016575
0.012838
0.012547
0.012541
0.012196
0.013136
0.020275
0.022201
0.020942
0.027017
0.026423
0.021897
0.022410
0.020045
0.014022
0.018019
0.018605
0.022483
0.023128
0.024260
0.018846
0.018736
0.018625
0.023535
0.020587
0.014388
0.014303
0.019285
0.017685
0.016128
0.027720
0.018974
0.015678
0.018257
0.022015
0.018058
0.017050
0.025711
0.020771
0.013726
0.012658
0.021851
0.017674
0.016729
0.016207
0.012791
0.012815
0.012571
0.012786
0.013420
0.016532
0.014798
0.015435
0.021191
0.016413
0.017697
0.013979
0.014869
0.016057
0.021090
0.020107
0.016552
0.018491
0.021000
0.017887
0.013756
0.013200
0.013066
0.013271
0.014156
0.013018
0.012820
0.013108
0.015931
0.013443
0.014334
0.013668
0.012889
0.015797
0.030124
0.020202
0.015541
0.021351
0.020114
0.014986
0.014178
0.017403
0.016626
0.018047
0.019168
0.016842
0.015168
0.020154
0.019342
0.015830
0.021686
0.029466
0.016125
0.016397
0.014772
0.019885
0.021826
0.022924
0.016767
0.014826
0.020195
0.014692
0.013990
0.017812
0.013159
0.015604
0.016141
0.013549
0.013979
0.014141
0.014646
0.016049
0.015560
0.015019
0.012757
0.012645
0.012836
0.014096
0.013296
0.013483
0.014180
0.016922
0.013270
0.012886
0.013513
0.014550
0.014022
0.015358
0.013742
0.014027
0.013332
0.014898
0.013522
0.014051
0.014087
0.013725
0.013659
0.013710
0.013250
0.014562
0.013621
0.013750
0.012860
0.013180
0.013046
0.012969
0.013536
0.017640
0.014390
0.013735
0.014076
0.015491
0.017379
0.014142
0.013949
0.013350
0.013052
0.013854
0.013685
0.014063
0.013708
0.013488
0.013701
0.013498
0.013000
0.013410
0.013667
0.013506
0.014524
0.013286
0.013422
0.013418
0.013443
0.013703
0.013288
0.013585
0.013975
0.014170
0.013629
0.013635
0.013212
0.013959
0.013733
0.013776
0.013456
0.015764
0.013992
0.013520
0.014165
0.013665
0.014027
0.013424
0.013480
0.013580
0.013899
0.013788
0.013569
0.013648
0.013710
0.013565
0.013274
0.013625
0.013989
0.013933
0.015777
0.014031
0.019431
0.016697
0.013506
0.013949
0.013844
0.014889
0.013913
0.013837
0.014461
0.013575
0.013564
0.014614
0.014280
0.013928
0.014093
0.014084
0.014548
0.014533
0.014609
0.013560
0.014550
0.014095
0.014287
0.014371
0.014410
0.014552
0.014298
0.014267
0.013873
0.014684
0.013581
0.013901
0.013663
0.013745
0.016605
0.013828
0.013888
0.013910
0.013617
0.013749
0.014009
0.013843
0.014547
0.013883
0.013876
0.013874
0.013969
0.013835
0.013717
0.015214
0.013718
0.013882
0.019817
0.022914
0.014307
0.014234
0.014108
0.014358
0.014296
0.019174
0.016223
0.019863
0.014367
0.014586
0.013989
0.013924
0.013909
0.013979
0.022204
0.014825
0.014018
0.013976
0.014169
0.014465
0.014210
0.014261
0.014354
0.014056
0.014207
0.014324
0.014963
0.014098
0.014417
0.014053
0.014148
0.014401
0.014291
0.014561
0.014615
0.014647
0.014117
0.014109
0.014224
0.014448
0.014555
0.014213
0.014252
0.014937
0.014897
0.015274
0.015114
0.014786
0.014803
0.015512
0.017941
0.015792
0.014510
0.014536
0.014143
0.014140
0.014260
0.014420
0.014214
0.014404
0.014467
0.014103
0.016701
0.015729
0.017588
0.014433
0.015757
0.015211
0.014279
0.014929
0.018009
0.016634
0.014946
0.014429
0.014876
0.014670
0.014666
0.014803
0.015217
0.015053
0.015352
0.014435
0.014858
0.014766
0.014526
0.014761
0.016625
0.014804
0.014775
0.014490
0.016638
0.014548
0.014563
0.015522
0.014745
0.014852
0.015051
0.015005
0.015577
0.014653
0.015317
0.016932
0.015936
0.015228
0.015097
0.021709
0.015561
0.014883
0.015269
0.015867
0.014975
0.016627
0.015093
0.014894
0.016709
0.019545
0.021788
0.017422
0.015374
0.014783
0.015005
0.018323
0.019706
0.020120
0.017511
0.015863
0.015599
0.016690
0.020799
0.019917
0.017134
0.015036
0.017052
0.019430
0.015127
0.015265
0.015619
0.015490
0.016363
0.016260
0.021916
0.015747
0.016914
0.017028
0.015053
0.015328
0.014926
0.019305
0.015873
0.015527
0.015272
0.020770
0.023350
0.025233
0.015265
0.015142
0.014925
0.015142
0.016982
0.021100
0.015415
0.015134
0.015026
0.015879
0.018552
0.017333
0.015220
0.014989
0.022388
0.021264
0.015359
0.015113
0.014920
0.021557
0.029704
0.028873
0.018936
0.022651
0.016777
0.015638
0.015834
0.015147
0.018920
0.015809
0.015281
0.015292
0.017759
0.017452
0.015741
0.016203
0.019654
0.018002
0.015601
0.015787
0.017416
0.024230
0.020937
0.021513
0.015949
0.016959
0.015644
0.023678
0.016899
0.024808
0.021235
0.024630
0.023554
0.022036
0.021898
0.016416
0.016289
0.015774
0.025619
0.026940
0.019338
0.016456
0.015861
0.016215
0.018455
0.023293
0.016385
0.016137
0.021596
0.016183
0.019090
0.024224
0.018197
0.018931
0.016206
0.015887
0.020868
0.020495
0.015843
0.017208
0.021609
0.019056
0.017461
0.015958
0.021188
0.026276
0.016745
0.016304
0.016254
0.017803
0.016980
0.016337
0.021387
0.019555
0.018192
0.016494
0.021075
0.016109
0.024611
0.017152
0.016106
0.016072
0.016827
0.022465
0.023192
0.019937
0.021121
0.018102
0.016209
0.019654
0.022595
0.022470
0.016106
0.016057
0.016080
0.016435
0.017682
0.024274
0.019195
0.016688
0.016627
0.023837
0.018209
0.017786
0.020432
0.031142
0.027322
0.022075
0.022749
0.018051
0.018480
0.019297
0.025617
0.020494
0.016924
0.019246
0.017231
0.023675
0.025300
0.016373
0.018889
0.023011
0.017710
0.025040
0.017933
0.024197
0.018827
0.018921
0.017009
0.018524
0.016699
0.017747
0.017360
0.016464
0.017470
0.017452
0.017633
0.017631
0.017886
0.017528
0.017358
0.018117
0.022231
0.017247
0.017557
0.017316
0.016958
0.016681
0.017651
0.016990
0.017136
0.020757
0.028345
0.016962
0.016592
0.016841
0.016874
0.016541
0.016367
0.016590
0.016352
0.017113
0.017526
0.017078
0.016952
0.018893
0.017073
0.016726
0.016951
0.017449
0.018022
0.016581
0.017094
0.016960
0.018722
0.021420
0.022592
0.017631
0.017629
0.018257
0.019032
0.020919
0.018139
0.017022
0.016872
0.016630
0.017123
0.018793
0.016781
0.016886
0.017106
0.017539
0.018150
0.019500
0.021872
0.020204
0.022995
0.017627
0.017362
0.016930
0.017552
0.019680
0.018498
0.016787
0.016996
0.016833
0.017758
0.022620
0.020277
0.018947
0.017687
0.017786
0.017554
0.019142
0.017871
0.017677
0.021247
0.018502
0.017988
0.017331
0.018786
0.017692
0.017421
0.018712
0.019274
0.019067
0.017122
0.017627
0.018219
0.019258
0.018481
0.024300
0.021757
0.019798
0.017866
0.018199
0.023894
0.022913
0.024943
0.023170
0.029028
0.021997
0.028823
0.030383
0.033287
0.026031
0.021047
0.028763
0.018504
0.018017
0.020028
0.031725
0.018013
0.018916
0.023185
0.022381
0.021051
0.017927
0.017402
0.018238
0.018463
0.017888
0.025542
0.026081
0.035066
0.031737
0.024431
0.022804
0.032906
0.018205
0.020063
0.022875
0.019711
0.034608
0.028991
0.028456
0.030849
0.026552
0.025744
0.024658
0.018855
0.017703
0.018528
0.018154
0.018837
0.018519
0.020495
0.019557
0.018082
0.017912
0.021694
0.019613
0.018391
0.017759
0.019222
0.020610
0.028556
0.021641
0.019088
0.019887
0.019911
0.018476
0.019142
0.018523
0.018862
0.020967
0.022295
0.018795
0.018198
0.017611
0.020910
0.019534
0.021210
0.018306
0.019385
0.019670
0.022066
0.020328
0.017754
0.019738
0.020660
0.029586
0.018028
0.017744
0.017907
0.017521
0.022344
0.017775
0.017535
0.020130
0.018020
0.017927
0.020159
0.031634
0.023658
0.023243
0.021539
0.018484
0.017770
0.018418
0.019360
0.023067
0.019052
0.017744
0.018619
0.023194
0.018580
0.018330
0.018079
0.017856
0.020401
0.019456
0.018452
0.019887
0.018579
0.019132
0.023977
0.019530
0.019144
0.018263
0.018468
0.024759
0.019274
0.018002
0.017981
0.019349
0.028967
0.022543
0.028820
0.021105
0.018930
0.018937
0.019497
0.021780
0.019811
0.019523
0.018253
0.021114
0.020418
0.018969
0.019230
0.018817
0.017929
0.018527
0.018644
0.022492
0.023373
0.022953
0.024285
0.026775
0.022603
0.023927
0.031731
0.027701
0.026083
0.031246
0.022540
0.025701
0.023175
0.027723
0.027704
0.032361
0.029227
0.029392
0.028595
0.027218
0.028839
0.030675
0.029047
0.022117
0.025766
0.025548
0.022365
0.019877
0.062471
0.020697
0.028272
0.031165
0.024739
0.023788
0.023664
0.023351
0.024948
0.024471
0.025211
0.027932
0.027516
0.023327
0.026474
0.023344
0.022741
0.019073
0.021582
0.020967
0.026301
0.019282
0.020313
0.019792
0.020155
0.019824
0.019189
0.020204
0.018937
0.019534
0.018691
0.019468
0.026410
0.018685
0.018967
0.021584
0.020144
0.023540
0.019110
0.019356
0.019416
0.019105
0.018648
0.018650
0.018774
0.018671
0.019318
0.018701
0.018811
0.019474
0.019783
0.019773
0.019224
0.020775
0.019861
0.019387
0.019165
0.021434
0.019930
0.026960
0.018984
0.020833
0.019898
0.020438
0.021272
0.019236
0.019094
0.020024
0.019405
0.019772
0.019175
0.019629
0.020323
0.020276
0.023889
0.019528
0.023855
0.024847
0.019243
0.020170
0.019531
0.020545
0.020548
0.020627
0.021984
0.027856
0.023595
0.024293
0.021481
0.020283
0.025651
0.019829
0.019261
0.020440
0.020787
0.020803
0.023359
0.019704
0.021835
0.020273
0.019210
0.020990
0.020012
0.023984
0.022907
0.021110
0.021227
0.020925
0.025277
0.021869
0.022063
0.020941
0.021891
0.025833
0.029326
0.026920
0.024594
0.026940
0.029562
0.037037
0.028483
0.032451
0.033057
0.031665
0.035991
0.029517
0.026233
0.032080
0.029014
0.026328
0.027743
0.033567
0.032730
0.032750
0.030135
0.027813
0.037163
0.061936
0.042950
0.036875
0.032420
0.025959
0.031599
0.037764
0.033807
0.031264
0.033415
0.030669
0.030965
0.034708
0.028854
0.033321
0.042732
0.038189
0.037447
0.037155
0.027717
0.028174
0.030670
0.029380
0.030026
0.039388
0.030570
0.035221
0.041355
0.030705
0.047924
0.038809
