0.000049
0.000030
0.000054
0.000040
0.000053
0.000076
0.000061
0.000089
0.000095
0.000107
0.000102
0.000112
0.000112
0.000144
0.000203
0.000146
0.000228
0.000201
0.000257
0.000205
0.000247
0.000223
0.000191
0.000260
0.000229
0.000331
0.000298
0.000421
0.000436
0.000316
0.000360
0.000402
0.000535
0.000409
0.000401
0.000500
0.000402
0.000554
0.000413
0.000439
0.000559
0.000507
0.000631
0.000386
0.000422
0.000515
0.000404
0.000520
0.000734
0.000667
0.000533
0.000478
0.000398
0.000451
0.000458
0.000427
0.000549
0.000389
0.000470
0.000498
0.000539
0.000594
0.000519
0.000621
0.000516
0.000640
0.000598
0.000444
0.000644
0.000673
0.000509
0.000601
0.000736
0.000642
0.000616
0.000687
0.000756
0.000660
0.000560
0.000771
0.000653
0.000607
0.000628
0.000558
0.000777
0.000662
0.000724
0.000768
0.000712
0.000782
0.000663
0.000749
0.000729
0.000783
0.000792
0.000701
0.000876
0.001785
0.000832
0.000925
0.001082
0.001009
0.000971
0.001053
0.001301
0.001326
0.001330
0.001081
0.000893
0.001032
0.001471
0.001216
0.001160
0.001088
0.000821
0.000969
0.000935
0.000928
0.001017
0.001080
0.001083
0.001000
0.001054
0.001036
0.001688
0.001280
0.001136
0.001780
0.001735
0.001229
0.001657
0.002269
0.002122
0.001359
0.001745
0.001657
0.001512
0.001654
0.001754
0.001361
0.001252
0.001453
0.001819
0.001208
0.001931
0.001396
0.001893
0.001659
0.001295
0.001899
0.001921
0.001894
0.002289
0.002202
0.001718
0.001157
0.001476
0.001452
0.001688
0.001556
0.001626
0.001838
0.002504
0.002047
0.001410
0.001485
0.001395
0.001282
0.001705
0.001601
0.001617
0.003201
0.001587
0.002336
0.003190
0.002336
0.001991
0.002836
0.002205
0.001763
0.002004
0.002064
0.002621
0.002311
0.002792
0.002436
0.002230
0.002523
0.002503
0.003365
0.004437
0.005141
0.002719
0.001950
0.002325
0.002884
0.002132
0.002163
0.001495
0.002047
0.003194
0.002314
0.001826
0.001929
0.001582
0.001783
0.001754
0.001539
0.001740
0.001728
0.002418
0.001741
0.001798
0.001702
0.001640
0.001879
0.001927
0.001793
0.002041
0.001880
0.001910
0.001794
0.001911
0.002042
0.001801
0.001951
0.002256
0.001916
0.001799
0.001998
0.001783
0.001796
0.001759
0.001882
0.001883
0.001832
0.001751
0.001959
0.001822
0.001846
0.001884
0.002038
0.001813
0.002309
0.003480
0.003120
0.002869
0.002980
0.003008
0.002234
0.002352
0.002557
0.002076
0.002290
0.002328
0.004161
0.003366
0.003292
0.002631
0.002807
0.002259
0.002088
0.002109
0.002335
0.002356
0.002275
0.002900
0.003136
0.003177
0.002944
0.002602
0.002977
0.002296
0.002155
0.002379
0.002272
0.002330
0.002467
0.002553
0.002208
0.002199
0.002205
0.002307
0.002314
0.002713
0.003107
0.003421
0.003313
0.003301
0.003667
0.003451
0.003486
0.003871
0.003607
0.002596
0.002473
0.003266
0.002330
0.003314
0.003551
0.003344
0.003428
0.003547
0.002781
0.002720
0.002596
0.002604
0.002796
0.002648
0.003682
0.003632
0.003268
0.004080
0.004686
0.002945
0.002693
0.002733
0.002677
0.003689
0.003736
0.003836
0.003689
0.003620
0.003537
0.002504
0.002513
0.002726
0.002811
0.002609
0.002458
0.002761
0.002776
0.002574
0.003859
0.004677
0.004700
0.004766
0.004659
0.004022
0.003003
0.003857
0.003341
0.003430
0.002928
0.002751
0.003227
0.003184
0.002961
0.003027
0.002952
0.003761
0.004072
0.004387
0.003056
0.003389
0.003011
0.002985
0.003288
0.002955
0.003945
0.002929
0.002958
0.002984
0.002844
0.004050
0.003911
0.004880
0.003335
0.004851
0.005599
0.005073
0.004923
0.004839
0.004767
0.005971
0.004923
0.004898
0.004828
0.003602
0.003453
0.003270
0.004134
0.004301
0.003877
0.003409
0.005733
0.005138
0.004583
0.003795
0.004301
0.003617
0.003792
0.004172
0.003253
0.003838
0.003641
0.004161
0.003309
0.003478
0.003269
0.006068
0.004880
0.005437
0.005721
0.006080
0.005387
0.004445
0.004089
0.004034
0.005108
0.004700
0.004985
0.005159
0.003621
0.003821
0.003841
0.004721
0.004749
0.004845
0.004380
0.003566
0.003537
0.003445
0.004203
0.003758
0.004075
0.005700
0.005378
0.005134
0.007168
0.005118
0.004779
0.006390
0.005051
0.005456
0.007796
0.005049
0.004524
0.003740
0.003540
0.003624
0.003631
0.004168
0.003977
0.004042
0.003934
0.004717
0.003750
0.003755
0.004512
0.006157
0.004710
0.004151
0.004152
0.003678
0.003885
0.005030
0.003927
0.003996
0.003718
0.004151
0.003737
0.003792
0.003559
0.004173
0.003821
0.003719
0.003844
0.004242
0.003518
0.003719
0.003604
0.004319
0.003658
0.003904
0.003844
0.005326
0.005311
0.004090
0.005319
0.004455
0.004379
0.004113
0.004370
0.003761
0.003808
0.005201
0.004446
0.003769
0.003334
0.003851
0.003555
0.003521
0.003441
0.003991
0.003777
0.003709
0.003451
0.003496
0.005442
0.003889
0.003541
0.004269
0.003608
0.003759
0.003537
0.003588
0.004587
0.004677
0.003553
0.003943
0.003798
0.003570
0.003609
0.004293
0.003946
0.003579
0.003568
0.003664
0.004020
0.003606
0.003594
0.003670
0.004412
0.003675
0.003644
0.003617
0.004253
0.003653
0.003739
0.003684
0.004353
0.003751
0.003748
0.003691
0.004662
0.003725
0.003861
0.003823
0.004399
0.003935
0.003756
0.003740
0.004265
0.003834
0.003999
0.003776
0.004327
0.003818
0.003864
0.003986
0.004061
0.003817
0.004014
0.005122
0.003934
0.003941
0.003888
0.004554
0.003961
0.003843
0.003878
0.004637
0.003897
0.004015
0.003953
0.004544
0.004036
0.003989
0.004607
0.003934
0.003938
0.004007
0.004815
0.004021
0.003964
0.004017
0.007667
0.006229
0.004468
0.004148
0.004453
0.004070
0.004809
0.004009
0.004121
0.004583
0.004215
0.004114
0.004124
0.005211
0.004060
0.004255
0.004568
0.004388
0.004168
0.004195
0.004722
0.004109
0.004255
0.004162
0.004758
0.004311
0.004353
0.005064
0.004328
0.004276
0.004230
0.005466
0.004234
0.004330
0.004720
0.004325
0.004403
0.005015
0.004681
0.004377
0.004348
0.005073
0.004341
0.004331
0.004777
0.004563
0.004327
0.004750
0.004862
0.004351
0.004319
0.005438
0.004417
0.004389
0.004971
0.004525
0.004462
0.004809
0.005232
0.004651
0.007511
0.004900
0.004533
0.004934
0.005039
0.004479
0.004448
0.005381
0.004568
0.004457
0.005231
0.004538
0.004505
0.005291
0.004889
0.004559
0.005171
0.004608
0.004744
0.005351
0.004636
0.004672
0.004586
0.005445
0.004529
0.004662
0.005125
0.004894
0.004763
0.005226
0.004853
0.004644
0.005408
0.004815
0.004721
0.005428
0.004860
0.004660
0.005516
0.004969
0.004737
0.004704
0.005394
0.004820
0.004784
0.005535
0.005000
0.004757
0.005348
0.004801
0.004826
0.007110
0.004834
0.005201
0.005413
0.005167
0.005593
0.005121
0.005023
0.005500
0.004952
0.005002
0.005630
0.005498
0.005050
0.005275
0.005390
0.004950
0.005802
0.004949
0.004985
0.005704
0.005045
0.004944
0.005630
0.005013
0.005007
0.005945
0.005086
0.004957
0.005894
0.005009
0.004997
0.005665
0.005037
0.005080
0.005899
0.005199
0.005076
0.005498
0.005036
0.005073
0.005923
0.005216
0.005556
0.005275
0.005239
0.005893
0.005222
0.005140
0.006032
0.005176
0.005145
0.005802
0.005314
0.005588
0.005980
0.005744
0.006742
0.006872
0.006091
0.007139
0.006634
0.006939
0.005787
0.006529
0.005695
0.005458
0.005644
0.005171
0.005307
0.006149
0.005205
0.005201
0.006076
0.005516
0.005257
0.005905
0.005313
0.005280
0.005870
0.005524
0.005701
0.005579
0.005442
0.005815
0.005458
0.005400
0.005933
0.005510
0.005614
0.005825
0.005578
0.005834
0.005758
0.005665
0.006055
0.005446
0.005409
0.006032
0.005438
0.005696
0.005702
0.005534
0.005951
0.005560
0.005464
0.006326
0.005525
0.005724
0.005744
0.005477
0.006243
0.005522
0.005645
0.006444
0.005513
0.005673
0.006330
0.005604
0.006010
0.005908
0.005605
0.006422
0.005661
0.005721
0.005992
0.005638
0.006677
0.006024
0.005671
0.006573
0.005892
0.006423
0.005756
0.005726
0.006082
0.005710
0.005737
0.006134
0.005706
0.006393
0.005787
0.005766
0.006173
0.005842
0.006480
0.005938
0.005914
0.008571
0.006078
0.006660
0.005918
0.005863
0.008770
0.005892
0.006383
0.005881
0.006113
0.007370
0.005890
0.006455
0.005922
0.006672
0.006124
0.006251
0.005915
0.005907
0.008939
0.006287
0.006868
0.005919
0.007315
0.011485
0.007155
0.007724
0.006316
0.005966
0.007059
0.006359
0.006080
0.006144
0.005980
0.007278
0.009746
0.006804
0.006317
0.006022
0.006682
0.006176
0.006821
0.006319
0.006827
0.006229
0.006042
0.006684
0.006048
0.006551
0.006140
0.006077
0.006857
0.006215
0.006911
0.006136
0.006158
0.007544
0.006460
0.006749
0.006276
0.006969
0.006413
0.006297
0.006676
0.006213
0.007020
0.006333
0.006835
0.006248
0.006407
0.007354
0.006389
0.006854
0.006513
0.006626
0.006454
0.007310
0.006430
0.006402
0.007213
0.006841
0.008035
0.007551
0.007604
0.006594
0.007130
0.006941
0.006482
0.006977
0.006518
0.010220
0.009592
0.009099
0.008155
0.012345
0.006700
0.006465
0.007137
0.006599
0.006752
0.006643
0.006529
0.006892
0.006439
0.006796
0.006580
0.009185
0.007367
0.007560
0.006782
0.006949
0.006516
0.006530
0.006733
0.006664
0.006616
0.006555
0.006904
0.006741
0.007113
0.006541
0.006690
0.006713
0.006616
0.006842
0.006663
0.007212
0.006703
0.007050
0.006679
0.006660
0.007137
0.006742
0.007326
0.006715
0.006973
0.007220
0.007489
0.006987
0.013317
0.014154
0.008447
0.006785
0.006848
0.012265
0.011253
0.010810
0.007670
0.008257
0.008205
0.007468
0.007063
0.007271
0.006882
0.007073
0.007319
0.006903
0.007048
0.007304
0.007339
0.007275
0.007558
0.007137
0.007462
0.007338
0.008118
0.009371
0.012787
0.007714
0.007086
0.007322
0.007280
0.007153
0.007186
0.007090
0.007255
0.006992
0.007216
0.007079
0.007298
0.007745
0.007519
0.007076
0.007181
0.007759
0.007684
0.007356
0.007252
0.007787
0.007581
0.007591
0.007577
0.007467
0.007138
0.010304
0.007166
0.007897
0.007272
0.007533
0.008076
0.007756
0.007777
0.007970
0.007572
0.008926
0.007426
0.007311
0.007279
0.007816
0.007283
0.007479
0.007410
0.008070
0.007430
0.007914
0.007988
0.007677
0.007542
0.007604
0.007323
0.008100
0.007999
0.007905
0.007975
0.008130
0.007532
0.007756
0.007352
0.008141
0.007816
0.013214
0.010050
0.007645
0.008106
0.008118
0.008161
0.007612
0.007935
0.008332
0.008016
0.007797
0.007655
0.007994
0.007541
0.008206
0.008165
0.008009
0.007555
0.007991
0.007853
0.007719
0.007610
0.008365
0.007852
0.008111
0.007689
0.007854
0.007683
0.007836
0.007697
0.008085
0.007737
0.008405
0.008497
0.008237
0.007759
0.008120
0.008073
0.011851
0.009164
0.007955
0.008380
0.008633
0.009200
0.007697
0.008413
0.008135
0.008648
0.008572
0.008056
0.007831
0.010327
0.008732
0.009002
0.008448
0.010656
0.008332
0.009519
0.009071
0.009891
0.007955
0.008829
0.007974
0.008426
0.009147
0.008864
0.008672
0.008682
0.008788
0.009015
0.008189
0.008478
0.008263
0.008177
0.008019
0.008485
0.008622
0.008692
0.008166
0.008472
0.008605
0.008462
0.008447
0.007937
0.008073
0.008097
0.008395
0.008163
0.008186
0.008093
0.008661
0.008047
0.008323
0.008043
0.008110
0.008133
0.009941
0.008181
0.008156
0.008364
0.008066
0.008204
0.008074
0.008382
0.008209
0.008659
0.008256
0.008353
0.008170
0.008445
0.008708
0.009177
0.008702
0.008641
0.008927
0.008348
0.011413
0.012525
0.008316
0.009118
0.008456
0.009137
0.008955
0.008430
0.009101
0.008654
0.008766
0.008946
0.008523
0.009023
0.008416
0.009238
0.008611
0.009306
0.008889
0.009002
0.009835
0.009938
0.010096
0.009436
0.008524
0.009469
0.008992
0.008434
0.008737
0.008444
0.008784
0.008381
0.008724
0.008716
0.008510
0.009374
0.010115
0.009722
0.009490
0.008624
0.009145
0.008695
0.009186
0.009022
0.008692
0.009380
0.008524
0.009056
0.008513
0.010158
0.009418
0.008715
0.009457
0.008806
0.008976
0.009539
0.008636
0.008958
0.008772
0.008902
0.009151
0.009031
0.009369
0.009278
0.008600
0.009369
0.008617
0.008883
0.008601
0.008949
0.009271
0.009392
0.009600
0.009529
0.009038
0.009169
0.009347
0.010587
0.010168
0.009825
0.009865
0.008797
0.009760
0.009514
0.011095
0.009921
0.010136
0.009737
0.009586
0.009829
0.011739
0.010691
0.008914
0.010017
0.010310
0.009874
0.009794
0.009616
0.009103
0.009841
0.009787
0.009549
0.009305
0.009041
0.009902
0.009012
0.010664
0.010342
0.010311
0.010562
0.010825
0.010662
0.010733
0.013364
0.011887
0.016395
0.016573
0.010561
0.012941
0.012252
0.010993
0.010120
0.010781
0.010575
0.010144
0.009321
0.011479
0.010299
0.015923
0.015509
0.014374
0.011494
0.012701
0.014951
0.011671
0.011485
0.014208
0.014665
0.014706
0.015000
0.013908
0.014176
0.012963
0.014607
0.015867
0.014195
0.015254
0.014670
0.014543
0.015137
0.010483
0.012613
0.014097
0.017652
0.017995
0.014738
0.014308
0.014440
0.018294
0.019562
0.013176
0.015741
0.013092
0.014373
0.013193
0.011064
0.009470
0.009978
0.011745
0.012037
0.011466
0.015683
0.013361
0.013258
0.012754
0.010063
0.014216
0.010926
0.010593
0.009990
0.015554
0.022894
0.027532
0.009914
0.010774
0.010016
0.012125
0.010828
0.010935
0.010973
0.015465
0.014063
0.014674
0.011953
0.010748
0.010811
0.010785
0.013151
0.011211
0.011947
0.011599
0.011644
0.009954
0.009787
0.010134
0.009638
0.013465
0.013833
0.012392
0.014002
0.010890
0.013667
0.011073
0.010719
0.013796
0.011061
0.015410
0.015572
0.015542
0.011085
0.010451
0.009831
0.013418
0.012307
0.012178
0.012181
0.010512
0.014767
0.015703
0.016944
0.012275
0.012474
0.013154
0.013769
0.009849
0.010254
0.010873
0.012021
0.011504
0.012139
0.010384
0.010233
0.010506
0.010367
0.010807
0.013442
0.013292
0.010863
0.010898
0.010032
0.010448
0.010537
0.014123
0.023148
0.017907
0.014084
0.014458
0.019231
0.019685
0.017427
0.012219
0.016350
0.024799
0.025357
0.015203
0.013206
0.013288
0.013633
0.011527
0.011338
0.012951
0.010583
0.014211
0.013150
0.012028
0.010872
0.010627
0.010672
0.010935
0.010329
0.010439
0.010945
0.012375
0.010144
0.010621
0.010503
0.010285
0.010879
0.011730
0.012839
0.016519
0.010653
0.010688
0.010808
0.010175
0.010574
0.010873
0.010422
0.010921
0.011098
0.010265
0.010744
0.010548
0.010252
0.010754
0.010723
0.010443
0.010656
0.010546
0.010500
0.010722
0.010747
0.010365
0.010629
0.010601
0.010524
0.010731
0.010689
0.010247
0.010790
0.010542
0.011072
0.011031
0.010596
0.010906
0.010597
0.010868
0.011265
0.010705
0.011751
0.013822
0.016880
0.011299
0.011064
0.010582
0.011292
0.012434
0.011134
0.010664
0.011193
0.010870
0.010757
0.012246
0.011197
0.010951
0.011053
0.011460
0.011851
0.010737
0.010814
0.011036
0.011252
0.011599
0.012010
0.010854
0.011125
0.011316
0.011174
0.010933
0.011027
0.010805
0.010960
0.011020
0.011146
0.010949
0.011608
0.011256
0.010794
0.011154
0.011236
0.010918
0.010904
0.011691
0.011455
0.010951
0.011046
0.011802
0.011764
0.011759
0.011519
0.010973
0.011419
0.011514
0.012499
0.012220
0.011940
0.011749
0.015034
0.011178
0.011547
0.012107
0.011022
0.011330
0.011139
0.011537
0.011030
0.011722
0.014139
0.014933
0.014647
0.015432
0.013868
0.016128
0.012386
0.011729
0.011565
0.011283
0.011464
0.011118
0.011507
0.011434
0.011085
0.018582
0.011269
0.011788
0.011431
0.011373
0.011336
0.011527
0.011677
0.011711
0.011576
0.011223
0.011381
0.011142
0.011293
0.011439
0.011070
0.012354
0.012432
0.011437
0.011229
0.011324
0.011376
0.011720
0.011304
0.020105
0.011937
0.011655
0.011759
0.011761
0.011258
0.011826
0.011950
0.012535
0.012791
0.011641
0.011749
0.011677
0.012179
0.011596
0.012611
0.012243
0.012192
0.012178
0.012017
0.011736
0.011841
0.011927
0.011311
0.014757
0.012342
0.015768
0.015599
0.013022
0.011775
0.011787
0.011745
0.011862
0.012559
0.012128
0.011650
0.011488
0.011738
0.012187
0.011506
0.011745
0.012451
0.012353
0.012174
0.011862
0.012414
0.012087
0.012233
0.011573
0.012281
0.012660
0.012072
0.012231
0.011455
0.011830
0.011905
0.011918
0.011736
0.012091
0.012359
0.012207
0.012036
0.011663
0.012010
0.012359
0.012499
0.011689
0.012139
0.012490
0.012394
0.012472
0.011654
0.012395
0.012216
0.012099
0.012541
0.012163
0.012135
0.012283
0.012186
0.011801
0.012227
0.017137
0.011864
0.015480
0.014206
0.012002
0.011875
0.012927
0.013258
0.012896
0.012728
0.012052
0.012410
0.012507
0.012060
0.012805
0.012076
0.012426
0.012597
0.012231
0.012488
0.012018
0.012718
0.012401
0.012554
0.011944
0.012357
0.012353
0.012754
0.012650
0.012188
0.012698
0.012388
0.012505
0.012844
0.012053
0.012423
0.012562
0.012810
0.012472
0.012265
0.012400
0.013524
0.015198
0.014206
0.012883
0.012771
0.012546
0.012452
0.012389
0.012465
0.012523
0.012472
0.012050
0.012749
0.012535
0.012552
0.012708
0.012425
0.012759
0.013392
0.012665
0.012976
0.012814
0.012633
0.013011
0.013066
0.013484
0.013353
0.012973
0.012373
0.012413
0.013241
0.013759
0.012708
0.012395
0.012287
0.012582
0.013084
0.012903
0.012540
0.012250
0.012636
0.012651
0.013084
0.015889
0.017789
0.012899
0.012702
0.012591
0.013208
0.012911
0.012665
0.012858
0.012620
0.012364
0.013307
0.012680
0.013067
0.012685
0.013016
0.012443
0.013129
0.013027
0.012856
0.012695
0.013043
0.012925
0.013567
0.013046
0.012952
0.013067
0.012815
0.012641
0.013036
0.012894
0.013110
0.012943
0.012443
0.013533
0.013372
0.012862
0.012985
0.013055
0.012688
0.012973
0.013069
0.012661
0.012587
0.012698
0.012757
0.012707
0.013446
0.012693
0.013050
0.012776
0.013076
0.012806
0.013077
0.013100
0.012969
0.012789
0.013026
0.012850
0.013431
0.013036
0.012919
0.013090
0.013635
0.014087
0.014317
0.016144
0.012795
0.015796
0.022809
0.013289
0.019737
0.024591
0.020018
0.024229
0.024310
0.013706
0.013648
0.013730
0.013182
0.012882
0.013114
0.013317
0.013067
0.013467
0.013255
0.012942
0.012826
0.012977
0.013200
0.013269
0.013140
0.012869
0.013094
0.013019
0.013089
0.013252
0.013193
0.012901
0.013177
0.013068
0.013229
0.013292
0.013063
0.012990
0.013465
0.013440
0.013212
0.013387
0.013221
0.013015
0.013126
0.013328
0.013235
0.013409
0.013493
0.013030
0.013182
0.013294
0.013223
0.013365
0.013575
0.013111
0.013206
0.013171
0.013432
0.013546
0.013424
0.013136
0.013173
0.013551
0.013644
0.013645
0.013600
0.013462
0.013376
0.014432
0.013541
0.013577
0.013489
0.013626
0.016497
0.018085
0.013763
0.013431
0.013794
0.013399
0.013565
0.013974
0.014099
0.013991
0.013579
0.013630
0.013964
0.013378
0.013687
0.013641
0.013623
0.013663
0.013847
0.013718
0.013807
0.013521
0.013501
0.013456
0.013503
0.013763
0.013612
0.013567
0.013474
0.016598
0.013404
0.013736
0.013685
0.013973
0.013597
0.013637
0.013646
0.013646
0.014259
0.013971
0.013774
0.013829
0.013664
0.013902
0.013765
0.013535
0.013726
0.014207
0.014477
0.013771
0.014186
0.013787
0.014378
0.017288
0.015773
0.015665
0.015926
0.015390
0.013973
0.013828
0.013744
0.013843
0.013884
0.014188
0.014647
0.013947
0.014985
0.014161
0.014148
0.013814
0.021834
0.014284
0.013840
0.013697
0.014106
0.019841
0.014106
0.013769
0.013918
0.014257
0.015448
0.014423
0.014647
0.014635
0.014400
0.014907
0.014636
0.014187
0.014513
0.015434
0.020376
0.014827
0.014900
0.014376
0.014105
0.014965
0.014281
0.014126
0.014691
0.014423
0.014336
0.014525
0.014355
0.014242
0.014270
0.014511
0.014925
0.014666
0.014414
0.013904
0.014363
0.014341
0.015968
0.014538
0.014645
0.014386
0.014345
0.014607
0.014377
0.014309
0.014291
0.014192
0.014418
0.014591
0.014709
0.014713
0.014537
0.014536
0.014793
0.014676
0.014545
0.014719
0.014751
0.015116
0.014775
0.017217
0.014442
0.014775
0.014646
0.015955
0.014894
0.014651
0.014644
0.014444
0.014810
0.014478
0.015407
0.018225
0.014735
0.014775
0.014836
0.014890
0.015048
0.015089
0.014896
0.015069
0.014657
0.014841
0.014781
0.014778
0.014782
0.014957
0.014876
0.014850
0.014788
0.015376
0.014926
0.014864
0.014933
0.015675
0.014992
0.014930
0.015071
0.016043
0.015888
0.015894
0.015403
0.015416
0.015059
0.015254
0.015558
0.015187
0.015237
0.015059
0.014970
0.015675
0.015153
0.015126
0.014918
0.015776
0.015420
0.015991
0.014996
0.015195
0.014871
0.015175
0.015326
0.015385
0.015252
0.015353
0.015163
0.016742
0.015072
0.015204
0.015275
0.015159
0.015631
0.015031
0.015253
0.015256
0.015052
0.015756
0.015027
0.014890
0.014815
0.015227
0.015525
0.015434
0.015764
0.016055
0.016607
0.015918
0.015622
0.015356
0.016596
0.015893
0.016017
0.015716
0.015466
0.015880
0.015867
0.016152
0.015360
0.015532
0.015279
0.015604
0.015674
0.015788
0.015889
0.015666
0.015826
0.016005
0.015553
0.015872
0.015974
0.016042
0.015878
0.015707
0.015814
0.015932
0.015563
0.015939
0.015585
0.015536
0.015713
0.015633
0.015893
0.015587
0.015580
0.015581
0.015801
0.015781
0.015641
0.016147
0.015624
0.015662
0.015568
0.015895
0.015460
0.015588
0.016507
0.015899
0.016034
0.015650
0.015486
0.015582
0.015736
0.015565
0.015645
0.015782
0.016847
0.017174
0.016560
0.017858
0.017411
0.017112
0.016976
0.016789
0.017545
0.016282
0.016032
0.017701
0.019388
0.026991
0.026612
0.016780
0.016609
0.016318
0.018424
0.018291
0.016068
0.015665
0.015914
0.016946
0.016554
0.016660
0.017066
0.016006
0.016576
0.018443
0.015971
0.016042
0.016403
0.017611
0.016334
0.016684
0.016422
0.016387
0.016229
0.016716
0.016846
0.016782
0.017694
0.017076
0.016347
0.017639
0.018096
0.017236
0.016931
0.016237
0.016142
0.016665
0.016233
0.022209
0.018356
0.016030
0.016789
0.017005
0.016318
0.016958
0.017162
0.017757
0.017815
0.017569
0.016700
0.016851
0.016817
0.016684
0.016477
0.016184
0.020026
0.016981
0.016475
0.021018
0.018756
0.016211
0.019076
0.019969
0.016600
0.019563
0.016588
0.017032
0.017069
0.016564
0.016454
0.016480
0.016317
0.016462
0.016311
0.016264
0.016768
0.016265
0.016973
0.016387
0.016500
0.017082
0.017224
0.017441
0.017059
0.017857
0.023091
0.021226
0.016574
0.016472
0.017302
0.017647
0.016802
0.021429
0.019647
0.018686
0.019434
0.019764
0.021644
0.018088
0.017869
0.017875
0.017083
0.016956
0.016466
0.016610
0.016598
0.019925
0.020892
0.019275
0.019566
0.022752
0.019269
0.017557
0.017317
0.017862
0.017345
0.017463
0.021035
0.018700
0.018124
0.018023
0.018630
0.024501
0.018172
0.017606
0.018046
0.031245
0.017937
0.027167
0.020829
0.017099
0.017459
0.018066
0.017388
0.017482
0.018358
0.022604
0.019684
0.026002
0.025948
0.024738
0.040011
0.026027
0.017708
0.018895
0.019304
0.018215
0.018393
0.020041
0.026654
0.021583
0.022782
0.027562
0.024599
0.032482
0.024169
0.019838
0.018252
0.024720
0.027193
0.022354
0.023034
0.032212
0.021955
0.019512
0.019448
0.019042
0.018403
0.026543
0.023023
0.018642
0.018396
0.019103
0.018145
0.019010
0.020872
0.018287
0.019853
0.020652
0.017162
0.018306
0.021938
0.023727
0.021956
0.021957
0.023017
0.023419
0.020609
0.024606
0.021208
0.025870
0.024895
0.027646
0.029804
0.024368
0.023782
0.025435
0.021944
0.022418
0.027062
0.022116
0.026669
0.025382
0.031363
0.043996
0.019302
0.029515
0.027700
0.020398
0.020304
0.021684
0.020599
0.019370
0.020181
0.020306
0.018228
0.020500
0.024262
0.027152
0.023603
0.032604
0.023411
0.026871
0.021081
0.023158
0.026126
0.018971
0.020583
0.024588
0.026568
0.023690
0.022198
0.024497
0.021354
0.021403
0.021171
0.020251
0.024438
0.022135
0.029348
0.029610
0.026955
0.018284
0.018474
0.022696
0.024341
0.018269
0.022959
0.027843
0.027879
0.021982
0.026250
0.031213
0.027066
0.024701
0.026064
0.027872
0.018402
0.018296
0.021787
0.027079
0.026882
0.019727
0.027523
0.030025
0.020900
0.028958
0.025586
0.027113
0.021876
0.030467
0.019684
0.019436
0.018654
0.033793
0.033934
0.031327
0.022195
0.020750
0.019578
0.020732
0.021487
0.021604
0.019514
0.018801
0.019176
0.018232
0.019033
0.018610
0.018767
0.019265
0.021356
0.020914
0.020003
0.018187
0.018667
0.018692
0.019479
0.019508
0.018426
0.018879
0.019732
0.020720
0.023330
0.019699
0.024875
0.019106
0.020096
0.020362
0.019132
0.018459
0.021013
0.025863
0.022410
0.021753
0.020470
0.021456
0.019221
0.021793
0.019119
0.018878
0.020025
0.020404
0.019721
0.018081
0.019630
0.021529
0.022814
0.021146
0.020667
0.020042
0.018153
0.020533
0.022038
0.020863
0.019420
0.019563
0.020727
0.023078
0.022762
0.020878
0.019058
0.022161
0.020112
0.021799
0.023691
0.021811
0.022382
0.022722
0.019741
0.018366
0.018575
0.018382
0.018324
0.019094
0.018377
0.018526
0.018646
0.018455
0.018697
0.018566
0.018479
0.020560
0.019382
0.019321
0.018683
0.018719
0.018634
0.018543
0.018908
0.018828
0.018764
0.018564
0.019122
0.019064
0.018568
0.018498
0.018757
0.018453
0.019015
0.018777
0.018685
0.018590
0.019184
0.018618
0.020687
0.019779
0.019431
0.018875
0.018684
0.019265
0.019761
0.020593
0.020475
0.021089
0.019186
0.019296
0.018673
0.018604
0.019079
0.018579
0.018659
0.018626
0.018863
0.019046
0.018579
0.019059
0.019049
0.018775
0.019288
0.018936
0.019265
0.019100
0.018827
0.018885
0.018925
0.018992
0.018792
0.018748
0.019458
0.018829
0.018814
0.018889
0.019142
0.019699
0.018778
0.018931
0.018780
0.019100
0.019215
0.018885
0.019029
0.019150
0.019264
0.019005
0.018924
0.019188
0.019264
0.019134
0.019091
0.019154
0.019115
0.019372
0.019070
0.019991
0.018912
0.019346
0.019252
0.019537
0.019445
0.019489
0.019027
0.018909
0.019291
0.019382
0.019038
0.019106
0.019554
0.019491
0.019090
0.019349
0.019204
0.019592
0.019282
0.019247
0.019369
0.019977
0.019121
0.019280
0.019361
0.019889
0.019369
0.019337
0.019256
0.020084
0.019602
0.019604
0.019243
0.019603
0.019742
0.019366
0.019325
0.020779
0.019850
0.019426
0.019529
0.019720
0.019744
0.019508
0.019417
0.020008
0.019422
0.019095
0.019286
0.019951
0.019908
0.020936
0.019239
0.019518
0.019420
0.019134
0.019259
0.021164
0.019329
0.019355
0.019935
0.020269
0.022045
0.036821
0.033754
0.023193
0.024248
0.025414
0.023316
0.020468
0.019658
0.020736
0.020349
0.020422
0.019513
0.020543
0.020113
0.019813
0.019513
0.020905
0.020145
0.029159
0.020725
0.020286
0.022756
0.023010
0.021872
0.020468
0.019802
0.019889
0.019725
0.019885
0.021103
0.020640
0.020780
0.020011
0.019794
0.021333
0.020913
0.019973
0.020522
0.019550
0.019668
0.019700
0.019889
0.019798
0.019555
0.020047
0.019750
0.019965
0.019758
0.019641
0.019548
0.019555
0.022993
0.023400
0.024603
0.021886
0.023202
0.021058
0.020805
0.020481
0.020494
0.020087
0.020231
0.020678
0.020554
0.019934
0.020753
0.019985
0.020131
0.020847
0.020108
0.020066
0.020653
0.020232
0.020427
0.020091
0.019919
0.020139
0.020711
0.020144
0.020188
0.020090
0.020225
0.020324
0.020599
0.020606
0.020076
0.019890
0.020248
0.020372
0.020049
0.019964
0.020300
0.020261
0.019990
0.020085
0.020476
0.020287
0.020078
0.020370
0.019868
0.020463
0.021118
0.023135
0.022737
0.028438
0.024329
0.021255
0.022102
0.025247
0.027146
0.027047
0.027660
0.024785
0.031732
0.024674
0.026243
0.025414
0.021537
0.020581
0.020533
0.020974
0.020370
0.021823
0.021029
0.023768
0.022923
0.025868
0.022684
0.020988
0.020631
0.020537
0.020778
0.022167
0.021646
0.021905
0.020471
0.020966
0.020393
0.020306
0.020337
0.021178
0.020754
0.021295
0.022925
0.022497
0.021077
0.025323
0.022124
0.020294
0.023797
0.020971
0.022593
0.023896
0.029076
0.025557
0.020657
0.020363
0.021084
0.020874
0.020965
0.027460
0.021520
0.020398
0.021369
0.021799
0.020543
0.020727
0.020702
0.021142
0.025213
0.020792
0.020842
0.020598
0.027907
0.026126
0.021682
0.021685
0.021612
0.022913
0.027781
0.027714
0.026650
0.024271
0.027325
0.027807
0.026139
0.022267
0.020759
0.021326
0.022151
0.023196
0.024292
0.021778
0.022150
0.021420
0.021941
0.025005
0.023936
0.023534
0.030160
0.036295
0.032455
0.032579
0.033134
0.030349
0.033422
0.032196
0.031878
0.023795
0.020638
0.021628
0.021098
0.022825
0.022117
0.021146
0.021848
0.021787
0.024980
0.024288
0.034885
0.039840
0.041485
0.031095
0.022545
0.021237
0.021637
0.021804
0.021289
0.020671
0.022645
0.023752
0.022047
0.025764
0.023494
0.029027
0.022286
0.024341
0.023384
0.023977
0.021138
0.020945
0.021186
0.021305
0.021064
0.021973
0.021482
0.021677
0.026473
0.032625
0.032873
0.028285
0.022800
0.023775
0.023211
0.022916
0.031934
0.029638
0.024338
0.037037
0.042060
0.032800
0.032608
0.030147
0.037756
0.033866
0.036349
0.023477
0.021157
0.021075
0.021667
0.022316
0.020960
0.021686
0.023220
0.022313
0.022479
0.022273
0.025067
0.028150
0.023081
0.027546
0.023040
0.023101
0.022977
0.026745
0.030065
0.030565
0.033889
0.031198
0.040956
0.067961
0.061248
0.039990
0.031166
0.033240
0.029351
0.036832
0.044890
0.042025
0.039318
0.037465
0.025417
0.028552
0.028474
0.038207
0.040333
0.046578
0.044068
0.044937
0.047737
0.039916
0.040172
0.026423
0.026415
0.028010
0.033370
0.025723
0.028603
0.023733
0.025610
0.025496
0.027914
0.022395
0.022106
0.022144
0.022104
0.025287
0.032462
0.028713
0.029996
0.034656
0.031064
0.033256
0.044522
0.036657
0.042383
0.032708
0.024287
0.028663
0.029462
0.025765
0.024197
0.022010
0.026990
0.039298
0.041157
0.036713
0.037358
0.034327
0.026520
0.027976
0.034648
0.038527
0.029621
0.035199
0.027737
0.024925
0.023566
0.023196
0.022635
0.023737
0.024406
0.024532
0.025610
0.025180
0.029595
0.027995
0.030039
0.023334
0.026155
0.023447
0.028209
0.022559
0.022133
0.022974
0.022658
0.022869
0.022948
0.022956
0.022923
0.023545
0.023365
0.031718
0.023687
0.021959
0.022667
0.023163
0.023489
0.022676
0.022454
0.023119
0.022716
0.023060
0.024825
0.022504
0.022453
0.022541
0.022174
0.024371
0.029990
0.022657
0.026336
0.035585
0.036137
0.030380
0.026047
0.023898
0.024555
0.038077
0.042427
0.030921
0.051027
0.041976
0.040266
0.030059
0.034449
0.039041
0.036473
0.038908
0.026884
0.046326
0.043576
0.046141
0.037907
0.042509
0.036785
0.037238
0.037145
0.032470
0.037238
0.037088
0.036849
0.029560
0.030392
0.024649
0.023478
0.024006
0.034689
0.032331
0.023153
0.023796
0.023937
0.028878
0.032318
0.048183
0.050624
0.041874
0.031254
0.031007
0.025538
0.031011
0.035558
0.025682
0.028944
0.033197
0.032445
0.038507
0.032220
0.030326
0.029132
0.027929
0.023805
0.025180
0.034031
0.039635
0.036178
0.030902
0.030848
0.034563
0.036440
0.039633
0.038638
0.032768
0.040127
0.028427
0.033428
0.036383
0.036170
0.035914
0.035984
0.038904
0.032997
0.041928
0.039580
0.042846
0.040485
0.039399
0.043043
0.037002
0.038251
0.034052
0.032202
0.031045
0.034912
0.034396
0.049533
0.062353
0.040733
0.028590
0.024454
0.027172
0.034254
0.031421
0.027775
0.031048
0.030808
0.031238
0.037721
0.042791
0.040495
0.051659
0.039987
0.038910
0.043759
0.055780
0.037695
0.034615
0.029806
0.032564
0.036843
0.040311
0.037258
0.029831
0.026823
0.030558
0.028465
0.030125
0.029916
0.030914
0.029479
0.040361
0.035408
0.042224
0.037312
0.036470
0.033537
0.036055
0.034927
0.035964
0.032311
0.037943
0.034523
0.042832
0.037809
0.024837
0.024496
0.028462
0.027263
0.026237
0.029233
0.025981
0.024919
0.023633
0.024933
0.026070
0.030545
0.025612
0.024820
0.030086
0.029550
0.024916
0.023921
0.027799
0.033173
0.025671
0.025024
0.024006
0.028439
0.029303
0.028294
0.024690
0.024264
0.026009
0.023693
0.024397
0.026497
0.030737
0.025460
0.024410
0.054447
0.028738
0.029197
0.030524
0.029457
0.029794
0.030713
0.028400
0.028440
0.028032
0.030446
0.029415
0.030109
0.027982
0.034369
0.029781
0.033251
0.033208
0.034914
0.038058
0.036453
0.030085
0.032731
0.035379
0.028783
0.029143
0.029513
0.037707
0.030301
0.040846
0.038979
0.041225
0.038874
0.035207
0.025493
0.025139
0.024195
0.024601
0.024918
0.025949
0.028799
0.026564
0.024201
0.024355
0.023761
0.024699
0.024858
0.024418
0.023431
0.024331
0.024699
0.024442
0.024848
0.024695
0.024855
0.024580
0.026402
0.027196
0.023953
0.023767
0.023852
0.023426
0.023631
0.024339
0.031370
0.025337
0.024875
0.025449
0.026036
0.028446
0.029304
0.030295
0.024641
0.024544
0.026738
0.026180
0.026799
0.025764
0.027114
0.023814
0.024345
0.024572
0.027163
0.028963
0.024495
0.024797
0.026866
0.025436
0.024975
0.025240
0.025972
0.027418
0.027798
0.027950
0.027093
0.027241
0.025195
0.024009
0.026511
0.027573
0.029007
0.028404
0.029019
0.028287
0.032915
0.025733
0.030729
0.026274
0.029266
0.030575
0.024406
0.025039
0.032596
0.046327
0.036418
0.043388
0.042428
0.042447
0.041472
0.029786
0.024123
0.024844
0.031014
0.038876
0.039463
0.031859
0.031866
0.030637
0.024932
0.024386
0.024069
0.025096
0.024714
0.025826
0.025683
0.024599
0.025098
0.025805
0.025091
0.026986
0.027606
0.024202
0.024783
0.024263
0.024292
0.024087
0.025136
0.030726
0.028419
0.038645
0.025707
0.024566
0.025619
0.024526
0.029689
0.024727
0.024811
0.024968
0.027239
0.024778
0.024392
0.024555
0.028031
0.027762
0.026156
0.026788
0.026196
0.027967
0.031583
0.027279
0.025282
0.029673
0.028587
0.025721
0.025071
0.027582
0.030160
0.026089
0.026083
0.027460
0.026007
0.025391
0.029896
0.030101
0.030876
0.026672
0.026188
0.028096
0.031733
0.027697
0.026895
0.026752
0.025637
0.034004
0.026345
0.026215
0.025808
0.025900
0.027342
0.029587
0.028651
0.026440
0.026865
0.025661
0.027312
0.033005
0.027528
0.025199
0.025472
0.025632
0.027087
0.025375
0.025434
0.026383
0.025656
0.029767
0.025255
0.025132
0.027093
0.026201
0.026280
0.030288
0.030593
0.026064
0.028794
0.031274
0.030104
0.033969
0.031359
0.030208
0.032806
0.038221
0.030122
0.028998
0.026169
0.029368
0.031189
0.032959
0.029897
0.028548
0.028239
0.026780
0.032808
0.025720
0.025642
0.026031
0.025774
0.027534
0.026385
0.036180
0.025655
0.025530
0.025308
0.025865
0.025403
0.026917
0.026623
0.025895
0.031166
0.025179
0.026598
0.030111
0.025220
0.025315
0.031633
0.025851
0.025700
0.025368
0.026540
0.025934
0.025209
0.026842
0.026212
0.025213
0.026193
0.026603
0.026311
0.026788
0.025887
0.026674
0.026357
0.027502
0.025654
0.026471
0.026378
0.026819
0.025902
0.026922
0.027262
0.025961
0.025621
0.025537
0.025255
0.025587
0.025748
0.026429
0.026613
0.025580
0.025252
0.025431
0.037747
0.026607
0.026586
0.026492
0.026143
0.026836
0.026658
0.026051
0.026141
0.027206
0.026898
0.026910
0.026238
0.026570
0.025650
0.025521
0.025771
0.026473
0.025939
0.029350
0.027241
0.025436
0.027558
0.027144
0.027162
0.025927
0.026327
0.026649
0.027214
0.026966
0.027872
0.033228
0.026130
0.029272
0.026110
0.026419
0.028417
0.032802
0.026224
0.026924
0.032242
0.026707
0.027689
0.035187
0.033827
0.035324
0.031912
0.026040
0.037283
0.029655
0.028647
0.025716
0.036932
0.025559
0.031921
0.026834
0.028596
0.038737
0.031300
0.029080
0.025736
0.026706
0.028106
0.029264
0.028490
0.029951
0.033050
0.030552
0.027508
0.026859
0.025812
0.034684
0.040730
0.031926
0.034216
0.033050
0.030902
0.027750
0.030046
0.032006
0.028633
0.027513
0.030206
0.027754
0.027852
0.028998
0.029708
0.033829
0.034176
0.039853
0.029765
0.027459
0.039213
0.040437
0.037329
0.038534
0.047976
0.034080
0.033565
0.035498
0.033693
0.037759
0.035717
0.039232
0.038764
0.038694
0.039906
0.044645
0.043604
0.037669
0.033586
0.037925
0.033423
0.037566
0.046718
0.040999
0.047208
0.073642
0.049544
0.054529
0.041672
0.039562
0.030348
0.038608
0.043935
0.046545
0.041463
0.028137
0.027673
0.036097
0.044716
0.051996
0.036805
0.039125
0.038456
0.032703
0.035151
0.033761
0.034196
0.037125
0.041228
0.037196
0.027989
0.029093
0.027940
0.030070
0.027262
0.029044
0.037205
0.029986
0.032398
0.029575
0.026703
0.027567
0.033702
0.035643
0.042114
0.031198
0.035259
0.034078
0.028547
0.028343
0.028333
0.032604
0.028608
0.031218
0.028206
0.027632
0.029019
0.033581
0.029465
0.031843
0.036709
0.034903
0.029023
0.028829
0.043473
0.036396
0.035673
0.030978
0.031275
0.027073
0.029498
0.038973
0.033630
0.027807
0.037197
0.029158
0.029394
0.032904
0.029145
0.031666
0.027614
0.027326
0.027200
0.027608
0.027276
0.030054
0.032111
0.030478
0.028638
0.028996
0.031165
0.030944
0.037518
0.027541
0.028390
0.027796
0.027308
0.028055
0.028088
0.040172
0.039360
0.034420
0.036449
0.031296
0.032135
0.028683
0.030452
0.032013
0.030657
0.032182
0.041564
0.039396
0.037612
0.035782
0.039240
0.045603
0.054040
0.038653
0.032914
0.038374
0.043157
0.030361
0.039666
0.032874
0.029255
0.038461
0.032132
0.029246
0.029696
0.031110
0.040467
0.031581
0.027239
0.031543
0.027396
0.037347
0.031705
0.039176
0.046862
0.035459
0.048847
0.034505
0.030449
0.028061
0.029927
0.030359
0.029280
0.035421
0.032882
0.031241
0.036044
0.035711
0.029344
0.037166
0.036317
0.028058
0.035937
0.032174
0.029355
0.033388
0.030741
0.032385
0.029994
0.028323
0.028458
0.029843
0.034376
0.030580
0.044520
0.051886
0.037123
0.037340
0.032189
0.048141
0.042053
0.040719
0.034319
0.047519
0.077292
0.053856
0.029403
0.029581
0.028961
0.029970
0.029272
0.030085
0.029125
0.029549
0.032578
0.030862
0.048695
0.034241
0.032463
0.029770
0.044860
0.039771
0.037197
0.037935
0.030174
0.031021
0.029254
0.028537
0.028879
0.029669
0.043236
0.042635
0.038722
0.043905
0.036430
0.034525
0.031502
0.030758
0.031111
0.035598
0.027501
0.028405
0.027321
0.028132
0.028656
0.028611
0.029346
0.030466
0.030290
0.029176
0.028265
0.028141
0.042355
0.034952
0.035672
0.038318
0.034833
0.032731
0.035449
0.033737
0.035562
0.038022
0.044430
0.048699
0.039396
0.035589
0.052650
0.038088
0.051539
0.043180
0.033975
0.039590
0.032815
0.038043
0.038463
0.028350
0.028346
0.039088
0.028564
0.028834
0.034297
0.034919
0.034084
0.029542
0.039505
0.029370
0.030388
0.032256
0.028565
0.029237
0.029696
0.029663
0.030200
0.032627
0.039434
0.028260
0.029053
0.029391
0.029276
0.029134
0.028968
0.028911
0.028163
0.029450
0.029087
0.030134
0.030583
0.030044
0.029233
0.030896
0.030307
0.030388
0.030308
0.028558
0.034695
0.035810
0.028996
0.030826
0.039357
0.047017
0.034812
0.039310
0.054686
0.043502
0.042828
0.040098
0.041401
0.046993
0.046604
0.056503
0.050372
0.048319
0.048960
0.048981
0.053115
0.045183
0.037398
0.037187
0.031490
0.034128
0.030999
0.031706
0.029936
0.031914
0.037232
0.030032
0.032613
0.038222
0.029554
0.029516
0.030926
0.032799
0.055563
0.041239
0.031957
0.031938
0.031831
0.030449
0.029006
0.031514
0.040902
0.031684
0.028556
0.031512
0.029119
0.035058
0.048593
0.031859
0.037744
0.059939
0.034093
0.037182
0.031906
0.036951
0.073602
0.061674
0.047939
0.045096
0.059965
0.038658
0.044041
0.032395
0.034348
0.031751
0.031589
0.043777
0.033813
0.042197
0.036116
0.030994
0.036556
0.051012
0.048559
0.038470
0.029480
0.031249
0.029455
0.029916
0.030253
0.029169
0.030201
0.030316
0.042437
0.030997
0.029765
0.063113
0.037248
0.034510
0.041464
0.044025
0.039532
0.043371
0.039681
0.050806
0.034889
0.043104
0.043172
0.046122
0.038696
0.048630
0.053710
0.054479
0.051394
0.045048
0.035300
0.040290
0.045035
0.041503
0.044556
0.054124
0.035411
0.033560
0.031101
0.030466
0.035942
0.036333
0.044730
0.037439
0.045911
0.043987
0.055475
0.057644
0.031064
0.050784
0.040660
0.033074
0.040346
0.074083
0.050060
0.043046
0.056152
0.058046
0.035892
0.032260
0.039682
0.046590
0.046429
0.039970
0.045583
0.054686
0.032663
0.054691
0.041526
0.041777
0.040038
0.036282
0.034175
0.031468
0.031760
0.032877
0.037250
0.031390
0.030200
0.031283
0.030979
0.032032
0.033830
0.031500
0.045587
0.044885
0.034900
0.036641
0.033130
0.031169
0.030626
0.035706
0.040817
0.035563
0.037441
0.036001
0.038412
0.046117
0.031433
0.031884
0.032718
0.032281
0.033932
0.035363
0.037987
0.033962
0.036882
0.031285
0.033982
0.038960
0.033544
0.034281
0.032771
0.031253
0.031199
0.031160
0.032022
0.031194
0.031869
0.034385
0.033234
0.033818
0.034947
0.033035
0.038775
0.038456
0.044464
0.033916
0.034231
0.032831
0.037699
0.048325
0.033805
0.038169
0.033441
0.034452
0.049297
0.048865
0.034936
0.037217
0.036260
0.037251
0.039793
0.031774
0.031477
0.030928
0.030139
0.030359
0.029733
0.030356
0.030011
0.041452
0.049554
0.049781
0.039000
0.044611
0.042186
0.042806
0.031233
0.033164
0.034831
0.031612
0.031132
0.031517
0.033822
0.032544
0.031834
0.031326
0.032895
0.032003
0.044697
0.030983
0.032307
0.032342
0.043682
0.032277
0.038686
0.038986
0.043656
0.035663
0.033277
0.033970
0.049334
0.057385
0.036613
0.043003
0.034881
0.037043
0.050807
0.043763
0.043180
0.042464
0.053247
0.057882
0.051453
0.047305
0.038840
0.044826
0.055126
0.046712
0.043084
0.045200
0.035945
0.032238
0.033097
0.032414
0.031345
0.031545
0.032764
0.037580
0.064208
0.070002
0.044493
0.058797
0.052609
0.053793
0.054042
0.044893
0.042418
0.052007
0.057775
0.047589
0.044896
0.042978
0.059973
0.064189
0.104349
0.105931
0.100205
0.050422
0.046833
0.042104
0.072130
0.033919
0.031975
0.031522
0.031322
0.032728
0.039934
0.037597
0.055855
0.045858
0.049723
0.057730
0.039899
0.065551
0.064296
0.065975
0.071145
0.042937
0.031725
0.037512
0.046993
0.033262
0.035598
0.031938
0.031524
0.047711
0.052268
0.054623
0.053180
0.045392
0.047608
0.042325
0.038132
0.039414
0.058133
0.051008
0.048864
0.067848
0.054225
0.050025
0.039882
0.043875
0.042010
0.048889
0.059521
0.058222
0.047718
0.041949
0.039794
0.060100
0.065060
0.073112
0.069257
0.075268
0.062360
0.083879
0.052951
0.051648
0.066636
0.061696
0.047684
0.049644
0.044065
0.043878
0.041519
0.059954
0.082870
0.095702
0.076713
0.126993
0.070781
0.062010
0.065609
0.058949
0.055667
0.066725
0.090955
0.061312
0.043045
0.045481
0.077436
0.069589
0.063586
0.058572
0.080177
0.097879
0.125970
0.082534
0.051946
0.034190
0.033097
0.033189
0.069172
0.047650
0.076955
0.075223
0.060122
0.064993
0.056300
0.033702
0.039935
0.040382
0.034223
0.036496
0.051903
0.036883
0.047963
0.054434
0.057621
0.042668
0.036686
0.041397
0.041115
0.045689
0.038724
0.044770
0.034876
0.036106
0.034926
0.034891
0.035469
0.035303
0.034013
0.034055
0.038476
0.045250
0.049347
0.045864
0.075059
0.049172
0.050523
0.053249
0.045670
0.045727
0.054891
0.040545
0.046814
0.037395
0.035851
0.036495
0.040531
0.032919
0.033452
0.034084
0.034159
0.034238
0.037949
0.032899
0.071504
0.049039
0.055727
0.050961
0.124319
0.036582
0.042257
0.039125
0.033478
0.032528
0.039100
0.041110
0.040209
0.036050
0.033112
0.032381
0.034089
0.033278
0.034808
0.041191
0.222607
0.110841
0.086740
0.053005
0.196621
0.044296
0.036851
0.043638
0.171284
0.037526
0.039630
0.039750
0.036201
0.045241
0.047821
0.043707
0.036227
0.036770
0.072053
0.076222
0.035525
0.032138
0.035133
0.035752
0.034419
0.032342
0.032235
0.034835
0.034600
0.033956
0.033561
0.040545
0.036504
0.034091
0.033472
0.034297
0.038312
0.033274
0.035428
0.034037
0.035871
0.036922
0.041935
0.036552
0.036055
0.037757
0.035541
0.058645
0.065486
0.056316
0.051902
0.039244
0.033893
0.037092
0.037734
0.040105
0.046562
0.041484
0.070820
0.170385
0.045552
0.048161
0.050173
0.049031
0.040474
0.035989
0.036085
0.041647
0.036036
0.044161
0.033935
0.036248
0.043805
0.037923
0.040016
0.041638
0.040842
0.042739
0.035576
0.033095
0.034019
0.033750
0.034497
0.034634
0.038254
0.049144
0.035069
0.060361
0.054627
0.048498
0.057730
0.047306
0.036448
0.058588
0.071104
0.058512
0.036657
0.033728
0.034129
0.034681
0.036321
0.039043
0.050336
0.038548
0.070183
0.079879
0.038494
0.034738
0.040102
0.051855
0.068440
0.149590
0.086584
0.039062
0.037116
0.044861
0.033954
0.033021
0.033275
0.039513
0.046689
0.046440
0.045034
0.037195
0.039798
0.049585
0.057880
0.034127
0.033002
0.038567
0.040442
0.045692
0.159547
0.053473
0.143764
0.043779
0.043971
0.042810
0.098083
0.051401
0.162786
0.035202
0.035497
0.043090
0.046048
0.112742
0.041197
0.036715
0.036210
0.035825
0.034246
0.038799
0.039243
0.125558
0.048577
0.039208
0.048458
0.038619
0.040385
0.140016
0.041049
0.039318
0.034960
0.041501
0.109840
0.036965
0.144900
0.041993
0.129106
0.033271
0.034586
0.038855
0.036594
0.043832
0.040350
0.048962
0.229839
0.039737
0.037833
0.035175
0.034300
0.065421
0.035362
0.038218
0.039664
0.039863
0.040280
0.111147
0.124174
0.128151
0.036804
0.035872
0.097615
0.046398
0.053182
0.038671
0.038591
0.036964
0.037809
0.050321
0.040387
0.106731
0.133343
0.178693
0.038356
0.124355
0.147391
0.203252
0.039405
0.090426
0.046141
0.040463
0.047517
0.226343
0.203989
0.049931
0.037825
0.090729
0.205383
0.115001
0.157903
0.039854
0.063633
0.126460
0.040109
0.097947
0.096790
0.040226
0.082640
0.095927
0.041194
0.033731
0.035488
0.034796
0.033834
0.033702
0.036532
0.033942
0.034253
0.042788
0.033593
0.034373
0.033502
0.033804
0.034005
0.034258
0.034728
0.035082
0.035245
0.035017
0.035259
0.037590
0.037239
0.037523
0.038184
0.247196
0.035752
0.041080
0.037426
0.040511
0.039721
0.037818
0.040805
0.034708
0.035464
0.044378
0.066073
0.042188
0.099302
0.180582
0.040050
0.125163
0.102174
0.254587
0.103040
0.043477
0.082809
0.130847
0.120963
0.145183
0.260012
0.040139
0.255985
0.300574
0.112341
0.118407
0.040772
0.034360
0.037724
0.137247
0.038615
0.093754
0.089530
0.101022
0.034595
0.035506
0.045379
0.094319
0.115543
0.149471
0.144611
0.102048
0.040612
0.106334
0.119062
0.034976
0.042231
0.117861
0.176206
0.044886
0.088229
0.039542
0.099463
0.040205
0.034638
0.040638
0.115204
0.110032
0.085039
0.039153
0.136713
0.034685
0.035592
0.088915
0.039834
0.134542
0.041490
0.039102
0.098496
0.119017
0.036648
0.038943
0.115862
0.121952
0.039936
0.106487
0.101403
0.080146
0.115426
0.037912
0.085222
0.135558
0.040393
0.175752
0.039988
0.174338
0.039381
0.199305
0.126233
0.164093
0.107360
0.081320
0.041847
0.102988
0.113868
0.040523
0.245398
0.039929
0.142041
0.101247
0.039020
0.038232
0.039278
0.124872
0.038798
0.149854
0.192404
0.042003
0.121507
0.160725
0.096183
0.171208
0.100191
0.039934
0.114481
0.087450
0.164425
0.039398
0.036724
0.080531
0.150418
0.183589
0.328332
0.350109
0.252466
0.243444
0.037980
0.038260
0.039714
0.041839
0.038380
0.163766
0.041436
0.199605
0.036342
0.035920
0.038824
0.038557
0.114705
0.040807
0.096359
0.043324
0.035509
0.038478
0.123412
0.039913
0.036477
0.040558
0.039185
0.040210
0.038596
0.102411
0.039416
0.035511
0.039433
0.135238
0.128623
0.039255
0.107484
0.100186
0.035738
0.035550
0.039704
0.096046
0.147014
0.037141
0.039342
0.040882
0.125983
0.077903
0.223070
0.036113
0.037975
0.040550
0.039520
0.040034
0.088981
0.038451
0.036530
0.037731
0.038800
0.040508
0.125533
0.045784
0.036652
0.036979
0.036259
0.082805
0.036734
0.042237
0.228442
0.246507
0.041930
0.090735
0.061397
0.045893
0.036634
0.038306
0.039698
0.121998
0.192591
0.039760
0.038417
0.151084
0.135139
0.039959
0.213607
0.036483
0.039908
0.135448
0.104966
0.037092
0.039429
0.065054
0.231440
0.188992
0.045257
0.109043
0.153789
0.102778
0.041393
0.196374
0.249234
0.150608
0.292525
0.286944
0.174358
0.228564
0.215535
0.036829
0.037620
0.039833
0.041919
0.096020
0.039925
0.103722
0.087704
0.193414
0.045533
0.072897
0.046329
0.042811
0.045773
0.252593
0.038044
0.045771
0.072127
0.203362
0.039517
0.041852
0.119216
0.123100
0.053128
0.060408
0.040970
0.116446
0.050936
0.092500
0.000039
0.000030
0.000049
0.000040
0.000051
0.000074
0.000060
0.000069
0.000093
0.000088
0.000094
0.000105
0.000113
0.000118
0.000144
0.000119
0.000162
0.000146
0.000177
0.000131
0.000141
0.000184
0.000157
0.000207
0.000166
0.000208
0.000177
0.000226
0.000269
0.000431
0.000540
0.000389
0.000306
0.000244
0.000324
0.000573
0.000624
0.000695
0.000262
0.000320
0.000371
0.000281
0.000353
0.000330
0.000370
0.000292
0.000315
0.000401
0.000310
0.000469
0.000333
0.000413
0.000348
0.000473
0.000461
0.000362
0.000454
0.000420
0.000456
0.000475
0.000471
0.000491
0.000400
0.000542
0.000457
0.000510
0.000504
0.000828
0.000882
0.000867
0.000804
0.000734
0.000543
0.000669
0.000486
0.000634
0.000588
0.000583
0.000524
0.000799
0.000663
0.000619
0.000650
0.000566
0.000694
0.000647
0.000623
0.000684
0.000666
0.000670
0.001169
0.001703
0.001326
0.000941
0.000710
0.000760
0.000744
0.000712
0.000874
0.000960
0.000858
0.000724
0.000798
0.000790
0.000800
0.001129
0.001049
0.001442
0.000808
0.001083
0.001299
0.001546
0.001434
0.000905
0.000824
0.001422
0.001619
0.001012
0.001114
0.001230
0.001350
0.001496
0.001625
0.001816
0.001030
0.001105
0.000935
0.000947
0.001048
0.001031
0.001224
0.001103
0.001411
0.002130
0.001548
0.000986
0.001175
0.001429
0.001195
0.001059
0.001019
0.001124
0.001494
0.001508
0.002212
0.001223
0.001210
0.001183
0.001153
0.001256
0.001064
0.001148
0.001138
0.001243
0.001157
0.001379
0.001678
0.001407
0.001204
0.001279
0.001244
0.001358
0.001253
0.001199
0.002087
0.001837
0.001387
0.001567
0.001740
0.001520
0.001524
0.001829
0.002523
0.001301
0.001365
0.002038
0.001711
0.002013
0.001402
0.001523
0.001980
0.001474
0.001365
0.001891
0.001739
0.002289
0.001403
0.001399
0.001443
0.001524
0.001584
0.001526
0.002072
0.001911
0.003124
0.002656
0.002264
0.002171
0.002355
0.001572
0.002207
0.003147
0.001703
0.001846
0.001441
0.001477
0.001639
0.001479
0.001491
0.002169
0.002136
0.001765
0.001516
0.001513
0.001583
0.001618
0.001649
0.001709
0.003154
0.001687
0.001839
0.002890
0.002159
0.001627
0.001617
0.002218
0.001642
0.001891
0.002862
0.001688
0.002044
0.003148
0.004632
0.001983
0.002138
0.002353
0.001810
0.001822
0.001913
0.001929
0.002147
0.001812
0.001945
0.001812
0.001856
0.001742
0.003310
0.002090
0.002209
0.001965
0.002164
0.001939
0.001859
0.002283
0.003294
0.002742
0.003185
0.002852
0.003668
0.002142
0.001943
0.001999
0.001919
0.002012
0.002415
0.002704
0.003579
0.002926
0.002620
0.002338
0.002396
0.002051
0.002026
0.002243
0.001949
0.001918
0.001988
0.001978
0.002811
0.002179
0.001987
0.001982
0.002314
0.002018
0.002003
0.002490
0.002148
0.002034
0.002042
0.002038
0.002039
0.002126
0.002114
0.002512
0.003700
0.002477
0.002067
0.002211
0.002082
0.002648
0.002142
0.002128
0.002278
0.002177
0.002132
0.002123
0.002718
0.003989
0.002261
0.002265
0.002155
0.002230
0.002431
0.002840
0.002227
0.002212
0.002265
0.002221
0.002213
0.002711
0.002408
0.002222
0.002214
0.002345
0.002247
0.002254
0.002763
0.002320
0.002285
0.002331
0.002400
0.002292
0.003222
0.002302
0.002313
0.002409
0.002327
0.002373
0.002695
0.002490
0.002450
0.002357
0.002396
0.002482
0.002366
0.003200
0.052440
0.004005
0.005606
0.007484
0.003927
0.006019
0.003867
0.042464
0.005218
0.004381
0.014148
0.005309
0.004364
0.004387
0.025371
0.005216
0.008640
0.012065
0.006636
0.004691
0.014963
0.036837
0.005632
0.005613
0.004557
0.015314
0.004994
0.004488
0.006964
0.012449
0.008062
0.013629
0.012596
0.005737
0.004939
0.005016
0.003423
0.004001
0.007201
0.004564
0.005828
0.004871
0.004419
0.005421
0.005930
0.005680
0.006258
0.004614
0.004594
0.004683
0.004381
0.003209
0.004497
0.004431
0.004410
0.004319
0.005065
0.004423
0.004306
0.005464
0.004322
0.002973
0.002908
0.003794
0.004340
0.004743
0.004939
0.005550
0.004955
0.004904
0.006076
0.006790
0.005674
0.004538
0.004440
0.005690
0.006146
0.004939
0.005545
0.003738
0.004823
0.004790
0.006002
0.004953
0.005765
0.005200
0.004850
0.005948
0.009148
0.008068
0.006262
0.012299
0.006712
0.021964
0.009670
0.010592
0.006484
0.006615
0.006820
0.008335
0.007180
0.023891
0.037158
0.005822
0.007919
0.032687
0.008842
0.006169
0.006923
0.007460
0.010816
0.012608
0.005259
0.004733
0.005418
0.005261
0.009431
0.017440
0.005641
0.005924
0.004710
0.004724
0.004907
0.005739
0.005616
0.005943
0.005022
0.004900
0.004785
0.011969
0.007203
0.006199
0.005015
0.006472
0.007444
0.015260
0.006806
0.005609
0.006312
0.005838
0.019882
0.006474
0.012223
0.016327
0.007652
0.006141
0.008017
0.006035
0.007358
0.006470
0.008896
0.008405
0.008570
0.016223
0.066567
0.018032
0.010250
0.012565
0.019533
0.005781
0.008096
0.006745
0.007512
0.013288
0.007229
0.008710
0.007122
0.007280
0.006237
0.009135
0.006078
0.008245
0.006454
0.007889
0.007310
0.006202
0.005730
0.006017
0.006091
0.006221
0.009541
0.008497
0.007825
0.007670
0.012050
0.008389
0.007538
0.007848
0.006919
0.007780
0.006984
0.006580
0.005735
0.006255
0.007821
0.005574
0.009798
0.011020
0.006212
0.008123
0.007339
0.005563
0.008595
0.008971
0.011022
0.010271
0.008433
0.006634
0.007913
0.008676
0.010308
0.008770
0.009898
0.007645
0.009189
0.014852
0.006404
0.008220
0.007245
0.006889
0.006424
0.007311
0.007522
0.007620
0.006749
0.007742
0.005571
0.006124
0.007068
0.006500
0.007875
0.006207
0.004470
0.005220
0.004499
0.004590
0.005004
0.005619
0.006335
0.006403
0.006140
0.007288
0.006098
0.007933
0.006208
0.007565
0.015266
0.007785
0.012578
0.007790
0.014166
0.007286
0.007617
0.010102
0.024510
0.005420
0.005391
0.004633
0.006292
0.006678
0.006321
0.006495
0.005329
0.006199
0.006108
0.005262
0.007355
0.006047
0.007069
0.007716
0.007618
0.008153
0.008002
0.011191
0.007612
0.004663
0.005347
0.004873
0.004778
0.008821
0.007012
0.009301
0.010404
0.006431
0.007330
0.007866
0.007504
0.005112
0.004727
0.004987
0.006205
0.004956
0.005631
0.005107
0.004757
0.006010
0.007484
0.007562
0.010806
0.009049
0.007836
0.013191
0.011359
0.007728
0.007226
0.004952
0.004992
0.008343
0.006473
0.005542
0.005105
0.005005
0.005705
0.004638
0.004727
0.005426
0.004892
0.004840
0.005713
0.004934
0.004869
0.006771
0.006444
0.005798
0.006396
0.007711
0.007118
0.005269
0.005349
0.005656
0.005395
0.007049
0.006367
0.005095
0.006765
0.005065
0.004861
0.006934
0.005889
0.006112
0.006740
0.006580
0.008111
0.008053
0.009533
0.008457
0.006947
0.006843
0.004983
0.004990
0.006168
0.005121
0.005267
0.005423
0.005590
0.005373
0.005744
0.006526
0.006376
0.006538
0.006901
0.007292
0.006959
0.006600
0.005106
0.005189
0.005222
0.005537
0.005056
0.005314
0.007115
0.007258
0.006032
0.005088
0.005217
0.005306
0.005134
0.005204
0.005337
0.005123
0.005326
0.005174
0.005246
0.005376
0.005415
0.005242
0.005340
0.005250
0.005184
0.005391
0.005225
0.005250
0.005323
0.005303
0.005307
0.005412
0.005245
0.005287
0.005467
0.005359
0.005288
0.008088
0.009945
0.012541
0.008071
0.008854
0.009481
0.008968
0.013041
0.007879
0.010529
0.009823
0.007971
0.005444
0.006994
0.007229
0.007578
0.007334
0.005601
0.006328
0.005526
0.005548
0.005908
0.005504
0.005499
0.006056
0.005464
0.005510
0.005955
0.005652
0.005621
0.005887
0.005531
0.006456
0.006598
0.005839
0.006581
0.005867
0.006328
0.005683
0.005558
0.006086
0.005573
0.005604
0.006117
0.005523
0.006907
0.005636
0.005688
0.006600
0.005809
0.006313
0.005745
0.005678
0.006053
0.005906
0.006567
0.006261
0.005688
0.006650
0.005762
0.006305
0.005954
0.005718
0.006368
0.005859
0.006130
0.005731
0.005811
0.007942
0.007927
0.006717
0.005790
0.005888
0.006480
0.005765
0.006336
0.005990
0.006079
0.006997
0.006043
0.006706
0.006099
0.012069
0.010379
0.010302
0.009810
0.011398
0.024832
0.019519
0.012386
0.007615
0.006611
0.008314
0.007381
0.007395
0.009366
0.007930
0.006523
0.007524
0.007285
0.006682
0.006470
0.006556
0.008140
0.006493
0.006508
0.005945
0.006054
0.008238
0.006263
0.009507
0.008015
0.014256
0.008482
0.006850
0.008403
0.007351
0.008024
0.007970
0.008055
0.007680
0.007269
0.006241
0.007383
0.006096
0.006707
0.006426
0.006327
0.006585
0.006178
0.006631
0.006646
0.006869
0.006790
0.006397
0.006965
0.006304
0.006535
0.006495
0.007073
0.006657
0.008692
0.007884
0.007769
0.007270
0.007116
0.006480
0.006346
0.006816
0.006847
0.007947
0.007619
0.007237
0.006497
0.006860
0.012181
0.007711
0.006495
0.007395
0.007272
0.007519
0.008764
0.008643
0.007514
0.007867
0.007014
0.007565
0.007525
0.013709
0.013111
0.011559
0.014265
0.011931
0.021220
0.007622
0.007791
0.006791
0.007946
0.006909
0.008100
0.006905
0.007876
0.007351
0.006928
0.006587
0.006898
0.006761
0.006673
0.007557
0.007120
0.008542
0.006814
0.007340
0.007092
0.007919
0.006700
0.007997
0.006697
0.007354
0.006666
0.007154
0.006752
0.007448
0.007307
0.007125
0.006848
0.006780
0.007323
0.006768
0.007383
0.006735
0.007526
0.006948
0.007255
0.006787
0.007399
0.006949
0.006874
0.007532
0.007205
0.013214
0.013097
0.017070
0.013534
0.013852
0.013134
0.010921
0.014074
0.011598
0.010933
0.007128
0.007613
0.008659
0.011082
0.009666
0.008817
0.008321
0.009684
0.009129
0.010349
0.010825
0.010569
0.010726
0.011082
0.013333
0.009339
0.007572
0.007872
0.007287
0.007964
0.007189
0.008182
0.007433
0.008132
0.007236
0.008335
0.007808
0.008509
0.007717
0.008314
0.007346
0.007560
0.007112
0.008354
0.007955
0.009324
0.007322
0.007479
0.007422
0.007683
0.007934
0.007667
0.007256
0.007531
0.007405
0.009216
0.011756
0.007585
0.007666
0.011783
0.008823
0.007395
0.008289
0.007987
0.010825
0.011183
0.009525
0.008952
0.007429
0.008809
0.008290
0.007646
0.008113
0.007841
0.007757
0.007538
0.008729
0.008099
0.007953
0.009600
0.009760
0.010017
0.010830
0.012991
0.016804
0.008534
0.008398
0.008504
0.008106
0.011889
0.009687
0.011983
0.008669
0.008066
0.011704
0.012049
0.009233
0.007982
0.008727
0.007647
0.007974
0.008299
0.009478
0.009675
0.013559
0.012484
0.008450
0.008147
0.009821
0.009014
0.007977
0.010550
0.010629
0.013973
0.010035
0.007958
0.008243
0.008315
0.008796
0.009191
0.011916
0.009203
0.010710
0.009030
0.008925
0.007744
0.008277
0.007712
0.008657
0.007798
0.008220
0.008364
0.007896
0.008306
0.007715
0.008264
0.007876
0.007941
0.007856
0.008112
0.007864
0.008481
0.007918
0.008373
0.007893
0.008300
0.007845
0.008379
0.007917
0.008536
0.007884
0.008557
0.008307
0.008117
0.007855
0.008190
0.008161
0.007999
0.008400
0.007953
0.008395
0.007955
0.008295
0.007949
0.009003
0.007935
0.008110
0.007954
0.008247
0.008066
0.008210
0.009560
0.009697
0.008529
0.008070
0.008504
0.008126
0.010107
0.008629
0.008764
0.008689
0.008459
0.008796
0.008240
0.008654
0.008137
0.010155
0.008904
0.008372
0.008820
0.008193
0.008602
0.008200
0.009238
0.008195
0.008802
0.008826
0.008332
0.008754
0.008370
0.008659
0.008323
0.008986
0.008751
0.008455
0.009130
0.008380
0.008925
0.008231
0.008718
0.008464
0.009141
0.008695
0.008428
0.008993
0.008398
0.009063
0.009186
0.009262
0.008228
0.008614
0.008832
0.008595
0.008878
0.008501
0.008600
0.008669
0.008746
0.008667
0.008390
0.008775
0.008408
0.008771
0.008405
0.008691
0.008443
0.008835
0.008873
0.008443
0.008752
0.008640
0.009320
0.008795
0.009072
0.009013
0.008849
0.009611
0.009003
0.010841
0.010901
0.009326
0.011292
0.010974
0.009775
0.011058
0.009681
0.009230
0.009354
0.008605
0.008885
0.008689
0.009106
0.009222
0.009627
0.009266
0.009227
0.010505
0.009310
0.009108
0.009492
0.009455
0.009706
0.009768
0.008819
0.009607
0.008963
0.009054
0.009479
0.009747
0.008848
0.009262
0.009280
0.009318
0.008950
0.009912
0.011159
0.010043
0.010027
0.009586
0.009412
0.009769
0.009343
0.009940
0.011215
0.008876
0.009423
0.009019
0.009106
0.009154
0.009095
0.010960
0.008967
0.009435
0.009640
0.009151
0.009067
0.009031
0.009681
0.009368
0.009141
0.009444
0.009040
0.009485
0.009400
0.009131
0.009632
0.009573
0.009621
0.009194
0.009614
0.009475
0.009147
0.012202
0.009675
0.010725
0.012846
0.011541
0.009991
0.010981
0.009420
0.010497
0.010781
0.010984
0.012056
0.011856
0.011012
0.010176
0.010383
0.010590
0.010833
0.009483
0.011320
0.009407
0.009623
0.009966
0.009233
0.009995
0.010152
0.009618
0.009947
0.009261
0.009664
0.010989
0.009455
0.009783
0.009412
0.010033
0.010743
0.009859
0.009667
0.009840
0.009712
0.010320
0.009679
0.010152
0.010215
0.010700
0.010277
0.010767
0.009599
0.010190
0.009839
0.009823
0.010276
0.009801
0.010357
0.010458
0.009569
0.010240
0.009797
0.010048
0.009818
0.009812
0.009308
0.009659
0.009458
0.010232
0.012089
0.010885
0.010690
0.010393
0.009612
0.010129
0.010147
0.009809
0.009944
0.009763
0.009552
0.010091
0.009905
0.009752
0.011830
0.009864
0.009800
0.010345
0.010170
0.010449
0.010424
0.010175
0.009797
0.009996
0.009816
0.010239
0.010192
0.009828
0.010143
0.010230
0.009694
0.015092
0.010452
0.010614
0.009983
0.010357
0.010597
0.010251
0.010565
0.010364
0.009910
0.010104
0.009980
0.009858
0.010273
0.009968
0.010329
0.010477
0.010489
0.010354
0.013120
0.012570
0.010011
0.010852
0.010219
0.011590
0.011798
0.013237
0.011633
0.012464
0.015994
0.018692
0.015407
0.009906
0.010554
0.010178
0.010138
0.010286
0.010336
0.010041
0.010301
0.010324
0.009978
0.010582
0.010383
0.010037
0.010445
0.010730
0.010380
0.010412
0.010499
0.010179
0.010598
0.010530
0.010648
0.011310
0.013582
0.015682
0.014493
0.014849
0.022431
0.020259
0.018307
0.015922
0.013180
0.011065
0.018685
0.020748
0.021338
0.018839
0.011490
0.010688
0.011155
0.013880
0.012281
0.011658
0.013165
0.011322
0.014461
0.010550
0.011079
0.011820
0.010588
0.012492
0.010604
0.011186
0.011913
0.012204
0.012138
0.010916
0.010276
0.010737
0.010622
0.010343
0.011441
0.010632
0.010312
0.011986
0.010581
0.010383
0.010814
0.010840
0.010756
0.010647
0.015052
0.013871
0.011003
0.010410
0.012638
0.011694
0.011294
0.010874
0.010915
0.011181
0.010415
0.012471
0.010895
0.011410
0.010460
0.010722
0.010705
0.010833
0.010793
0.011522
0.011023
0.014658
0.012816
0.015814
0.011371
0.010996
0.011094
0.011075
0.010817
0.010793
0.010627
0.010976
0.011179
0.011079
0.020398
0.012745
0.015019
0.017212
0.016779
0.019922
0.020830
0.019277
0.016336
0.014375
0.011992
0.016759
0.013719
0.013180
0.016225
0.013526
0.011491
0.010951
0.011940
0.011868
0.012761
0.011752
0.011694
0.016800
0.017558
0.017142
0.011203
0.015705
0.017553
0.011270
0.011356
0.013449
0.016160
0.017896
0.018427
0.014249
0.013268
0.012625
0.012178
0.011130
0.012104
0.011740
0.011317
0.011599
0.011657
0.012059
0.011808
0.011478
0.011295
0.011393
0.011213
0.011002
0.011698
0.011381
0.013387
0.015270
0.013404
0.019598
0.011752
0.011140
0.011288
0.011867
0.011088
0.011818
0.011904
0.011390
0.011256
0.011530
0.011474
0.011611
0.012706
0.012321
0.011886
0.013610
0.011492
0.011158
0.011310
0.011832
0.011582
0.011743
0.011966
0.012541
0.012208
0.011451
0.012212
0.011846
0.012936
0.062815
0.046287
0.082918
0.018545
0.016765
0.020594
0.019792
0.017940
0.019429
0.019797
0.016566
0.019780
0.020108
0.019571
0.020149
0.026028
0.026408
0.057839
0.023287
0.022107
0.020438
0.031091
0.030000
0.054982
0.032526
0.021713
0.019833
0.027651
0.045679
0.050475
0.029521
0.070935
0.051177
0.024105
0.022526
0.020879
0.023166
0.034512
0.100522
0.060402
0.021809
0.054304
0.028451
0.022235
0.031112
0.019742
0.012479
0.017482
0.015552
0.020022
0.018082
0.020750
0.047552
0.026757
0.025863
0.038630
0.031838
0.030607
0.017492
0.015089
0.017349
0.024907
0.023523
0.031690
0.023376
0.014626
0.016025
0.019477
0.032958
0.014980
0.013505
0.015338
0.016932
0.017068
0.013075
0.012961
0.016744
0.016807
0.017392
0.016868
0.014501
0.014937
0.015119
0.018281
0.015098
0.014196
0.014948
0.014168
0.024866
0.027602
0.070278
0.027081
0.021553
0.012893
0.013450
0.013187
0.014705
0.017083
0.018992
0.015247
0.014766
0.016683
0.013245
0.018507
0.014223
0.016213
0.015998
0.013874
0.014790
0.013255
0.013081
0.016561
0.013704
0.012326
0.012669
0.015908
0.014971
0.012720
0.013517
0.013556
0.012273
0.012823
0.014449
0.013833
0.012997
0.013926
0.014113
0.013884
0.013088
0.012964
0.014739
0.013204
0.014666
0.016259
0.016442
0.019439
0.023518
0.027762
0.022788
0.020701
0.025471
0.017015
0.020180
0.013361
0.020005
0.012895
0.012377
0.012970
0.013339
0.013513
0.013752
0.014228
0.013537
0.013357
0.013723
0.014784
0.013369
0.013662
0.013959
0.013293
0.014067
0.014991
0.023678
0.030160
0.023942
0.025400
0.017852
0.014899
0.014006
0.013467
0.015589
0.016642
0.014600
0.016194
0.015802
0.014674
0.014993
0.015750
0.013476
0.013985
0.016573
0.019157
0.015093
0.015983
0.016055
0.014921
0.014159
0.014002
0.018497
0.029283
0.029644
0.027833
0.014396
0.014871
0.017738
0.020248
0.019962
0.023009
0.018951
0.015860
0.019069
0.016234
0.021579
0.021739
0.018569
0.015108
0.014313
0.015750
0.018707
0.023361
0.013692
0.013205
0.013831
0.014031
0.015570
0.014745
0.016062
0.014849
0.014817
0.014991
0.015177
0.014233
0.017672
0.013453
0.013983
0.012703
0.013371
0.013295
0.013324
0.016347
0.014228
0.013114
0.013466
0.012826
0.013085
0.025061
0.024703
0.024788
0.025390
0.020344
0.015371
0.013422
0.013473
0.012992
0.014434
0.013706
0.013132
0.013276
0.013087
0.013373
0.013047
0.019971
0.013882
0.013010
0.014799
0.013921
0.014662
0.017764
0.013873
0.013478
0.013265
0.013396
0.017849
0.017052
0.015462
0.013642
0.013664
0.016111
0.013633
0.014226
0.018127
0.014596
0.013553
0.019912
0.018054
0.016593
0.013890
0.014247
0.013239
0.015493
0.018054
0.019652
0.020616
0.017557
0.015297
0.019072
0.017494
0.018061
0.016826
0.019773
0.014500
0.018392
0.021541
0.027296
0.014040
0.018825
0.021666
0.024082
0.020198
0.019204
0.019449
0.013738
0.015322
0.013485
0.014243
0.017148
0.015444
0.014162
0.014449
0.014599
0.014371
0.013822
0.014218
0.014537
0.014678
0.019917
0.014521
0.014689
0.014851
0.014085
0.014137
0.013562
0.013980
0.013789
0.014250
0.013895
0.014972
0.014091
0.013935
0.015534
0.013809
0.013769
0.013607
0.013874
0.013924
0.014305
0.014054
0.014326
0.013905
0.013989
0.014920
0.014154
0.013662
0.015306
0.013958
0.014402
0.014234
0.014153
0.014517
0.014063
0.014564
0.014485
0.015617
0.014936
0.014496
0.014178
0.014338
0.014012
0.015055
0.014901
0.014982
0.014464
0.014660
0.014205
0.014285
0.014399
0.015886
0.015949
0.015441
0.014450
0.014196
0.014515
0.015433
0.021858
0.015126
0.021535
0.016805
0.014269
0.014751
0.015191
0.017074
0.014826
0.014579
0.014718
0.015558
0.014945
0.014885
0.015005
0.014063
0.014429
0.014648
0.018574
0.017661
0.016207
0.014988
0.015060
0.015242
0.015607
0.015103
0.014478
0.014732
0.016204
0.015074
0.014339
0.014844
0.014516
0.014619
0.014980
0.014189
0.014429
0.014262
0.014551
0.014543
0.015010
0.014466
0.014682
0.014305
0.014173
0.014590
0.014085
0.014667
0.014351
0.014653
0.014555
0.014930
0.014557
0.014647
0.014705
0.014423
0.014839
0.014715
0.014610
0.015579
0.014402
0.016880
0.014760
0.015509
0.014866
0.016435
0.014761
0.015607
0.015030
0.016101
0.015121
0.015246
0.018909
0.015504
0.022932
0.015369
0.015794
0.015375
0.015361
0.016318
0.015047
0.015353
0.016317
0.015496
0.015373
0.014820
0.015091
0.014994
0.015123
0.014772
0.014687
0.014694
0.014720
0.015154
0.015091
0.015508
0.014988
0.015048
0.014899
0.015068
0.015909
0.014792
0.015114
0.015010
0.015250
0.014916
0.015319
0.015219
0.015454
0.015143
0.018345
0.022746
0.021543
0.018404
0.015465
0.015841
0.015682
0.014873
0.014821
0.015105
0.018392
0.014916
0.015491
0.018843
0.019318
0.020828
0.014973
0.015151
0.014996
0.015009
0.016080
0.016091
0.014855
0.015034
0.015510
0.015015
0.015254
0.014923
0.015165
0.015682
0.015558
0.015989
0.016550
0.018209
0.016204
0.015574
0.016360
0.015195
0.015843
0.020011
0.018709
0.018848
0.021031
0.016381
0.014986
0.015177
0.015107
0.015895
0.021498
0.018364
0.015110
0.015425
0.015230
0.017409
0.020059
0.016763
0.018371
0.015297
0.015892
0.016727
0.017694
0.021913
0.020774
0.027073
0.020166
0.018823
0.015797
0.015372
0.015953
0.021025
0.020448
0.019066
0.025150
0.017737
0.015991
0.016244
0.016643
0.024193
0.022358
0.024490
0.023505
0.019521
0.016192
0.016603
0.016324
0.016754
0.018193
0.019597
0.022518
0.018470
0.019170
0.015810
0.017206
0.017257
0.022344
0.018435
0.020463
0.022776
0.017195
0.015882
0.016621
0.015800
0.016129
0.016340
0.018275
0.020144
0.020382
0.016832
0.016414
0.015743
0.016669
0.015719
0.015894
0.024072
0.025309
0.022387
0.020299
0.017748
0.017672
0.018816
0.022019
0.017893
0.022115
0.023403
0.034894
0.025169
0.018317
0.020142
0.017964
0.019112
0.016748
0.017121
0.016984
0.016921
0.021019
0.025170
0.019741
0.016282
0.016268
0.016453
0.017837
0.023617
0.023194
0.021130
0.026002
0.021717
0.018613
0.019921
0.016165
0.015797
0.021785
0.019328
0.020445
0.017336
0.018114
0.017747
0.018024
0.016506
0.016732
0.016156
0.019959
0.023285
0.016774
0.017125
0.016881
0.017254
0.022731
0.018158
0.016876
0.017540
0.021486
0.017366
0.019057
0.020639
0.025530
0.022618
0.027768
0.031479
0.023490
0.017181
0.018704
0.024245
0.016503
0.016515
0.016918
0.016948
0.027387
0.020077
0.021464
0.021140
0.021373
0.018681
0.016784
0.017239
0.018686
0.018033
0.017417
0.016737
0.017911
0.017215
0.016536
0.017060
0.016779
0.016397
0.016786
0.016269
0.016891
0.017333
0.016505
0.018222
0.025549
0.016414
0.016426
0.016270
0.016631
0.016459
0.016389
0.016404
0.016551
0.016532
0.016284
0.016588
0.016314
0.016608
0.016813
0.016609
0.016595
0.016380
0.017108
0.016571
0.018069
0.016716
0.016675
0.017260
0.016707
0.016852
0.016809
0.016660
0.018105
0.018024
0.016865
0.017778
0.017184
0.017367
0.019300
0.017207
0.017201
0.017106
0.016883
0.017048
0.017691
0.017343
0.016870
0.016838
0.017139
0.016732
0.017136
0.017110
0.016701
0.023325
0.017659
0.016730
0.017196
0.017488
0.016626
0.016935
0.016658
0.016896
0.016848
0.017109
0.017021
0.016808
0.017143
0.017001
0.016958
0.016965
0.017604
0.016765
0.024277
0.017875
0.016964
0.017276
0.024304
0.018110
0.017136
0.017162
0.017328
0.018477
0.017226
0.017104
0.016724
0.017112
0.017125
0.018034
0.017813
0.017790
0.017452
0.017388
0.017365
0.017646
0.017641
0.017842
0.017081
0.017454
0.017482
0.018566
0.017180
0.017000
0.017208
0.018806
0.016896
0.017192
0.018279
0.020733
0.018696
0.024890
0.017382
0.019296
0.018511
0.023496
0.017084
0.017387
0.017682
0.017609
0.019533
0.018076
0.022314
0.023519
0.018530
0.025001
0.020585
0.018551
0.022544
0.024603
0.021504
0.022360
0.053130
0.040008
0.018689
0.019237
0.017876
0.027104
0.026946
0.026674
0.030552
0.027152
0.021108
0.032255
0.026666
0.019584
0.018839
0.017638
0.018528
0.033601
0.026949
0.023176
0.022812
0.027289
0.027231
0.018590
0.019886
0.019822
0.027725
0.027667
0.019766
0.018147
0.018315
0.017795
0.023267
0.045475
0.047566
0.021297
0.020123
0.021915
0.025962
0.025610
0.025250
0.026411
0.033884
0.028237
0.032026
0.029686
0.030593
0.027543
0.028514
0.025855
0.027056
0.033588
0.030470
0.031000
0.030492
0.027857
0.030881
0.029765
0.021209
0.021106
0.017862
0.026822
0.020494
0.017596
0.024958
0.019215
0.019746
0.019759
0.020828
0.018055
0.026934
0.019022
0.018693
0.019280
0.021038
0.018177
0.018790
0.018341
0.023121
0.019214
0.018242
0.018457
0.018786
0.021288
0.022384
0.020789
0.019816
0.019365
0.020073
0.019645
0.025791
0.019285
0.018533
0.018069
0.017999
0.020733
0.022328
0.033098
0.021108
0.018887
0.018343
0.022597
0.018710
0.022213
0.018301
0.018344
0.018515
0.018310
0.020270
0.018506
0.018856
0.019907
0.019267
0.019234
0.019422
0.023525
0.024394
0.023959
0.039371
0.028116
0.022224
0.020486
0.024329
0.026627
0.024668
0.023851
0.025973
0.029282
0.022468
0.027450
0.028728
0.025677
0.026049
0.028628
0.025046
0.021067
0.023576
0.025068
0.026891
0.027944
0.023761
0.020927
0.020370
0.020981
0.022387
0.021322
0.029804
0.025322
0.020904
0.020481
0.028359
0.021372
0.022237
0.025919
0.030093
0.024799
0.025942
0.027397
0.028028
0.026170
0.024543
0.020643
0.025743
0.019359
0.021268
0.019307
0.021725
0.018437
0.019182
0.018775
0.018405
0.018586
0.019438
0.020191
0.019294
0.019648
0.018545
0.019369
0.019509
0.020808
0.018733
0.018586
0.019938
0.019997
0.018799
0.019061
0.019102
0.019684
0.019647
0.020532
0.029478
0.019262
0.018770
0.019323
0.019789
0.025310
0.028800
0.018624
0.019747
0.019042
0.019523
0.019275
0.019043
0.025797
0.018977
0.018883
0.020824
0.025636
0.027096
0.019562
0.019872
0.019174
0.018790
0.018717
0.018852
0.019024
0.019118
0.018571
0.018926
0.019002
0.018982
0.021125
0.022814
0.019104
0.020195
0.019595
0.019776
0.019753
0.018793
0.024661
0.020893
0.024715
0.019102
0.019053
0.018624
0.019012
0.018623
0.019279
0.019095
0.018999
0.019585
0.019706
0.018835
0.019648
0.020362
0.020838
0.019718
0.019496
0.019168
0.019818
0.019103
0.019493
0.020387
0.020517
0.020046
0.021173
0.020354
0.020939
0.019307
0.019601
0.019352
0.022266
0.019414
0.019334
0.019237
0.019475
0.025370
0.019851
0.020357
0.021236
0.028912
0.019619
0.019502
0.025212
0.022402
0.020131
0.020076
0.020201
0.019522
0.019450
0.026115
0.020152
0.021017
0.019389
0.019265
0.019384
0.019298
0.019438
0.019189
0.020562
0.019602
0.019530
0.020181
0.020296
0.020586
0.021096
0.020867
0.028181
0.023264
0.030577
0.023123
0.022035
0.021104
0.020144
0.019733
0.019688
0.019224
0.019478
0.019567
0.022149
0.020285
0.027052
0.034186
0.027553
0.025863
0.022559
0.027618
0.022373
0.025985
0.022921
0.028064
0.019821
0.019495
0.021872
0.024305
0.025055
0.023910
0.020044
0.021089
0.029726
0.031373
0.030233
0.022374
0.020626
0.026081
0.021529
0.023092
0.030938
0.024996
0.021586
0.020462
0.027207
0.036140
0.027166
0.022489
0.028029
0.025102
0.021883
0.020271
0.020244
0.021121
0.024405
0.023169
0.019780
0.020064
0.027538
0.020407
0.020674
0.020701
0.021066
0.028364
0.025648
0.022871
0.021188
0.020118
0.023285
0.030366
0.022411
0.019933
0.020490
0.026739
0.028163
0.030733
0.021323
0.019713
0.021583
0.024874
0.028116
0.022870
0.020291
0.020175
0.025679
0.034656
0.025135
0.033344
0.024392
0.024018
0.034197
0.027573
0.028368
0.020203
0.020322
0.020698
0.024924
0.024008
0.020208
0.020276
0.020996
0.020845
0.028904
0.020517
0.020375
0.020743
0.020720
0.021233
0.022766
0.021113
0.021167
0.022045
0.020775
0.020776
0.020990
0.020773
0.021955
0.026745
0.026398
0.025878
0.026299
0.027174
0.027153
0.027200
0.022465
0.022864
0.023183
0.021761
0.023273
0.023108
0.024362
0.022248
0.024888
0.022538
0.026410
0.023376
0.022640
0.021802
0.023347
0.022946
0.023132
0.023117
0.021860
0.022450
0.025953
0.026177
0.021219
0.020746
0.020864
0.021355
0.021388
0.020437
0.021215
0.020837
0.020821
0.021305
0.021117
0.021330
0.020631
0.021188
0.021094
0.020636
0.020458
0.022890
0.021149
0.021000
0.021637
0.025926
0.021088
0.021255
0.023036
0.023154
0.024416
0.034922
0.028036
0.024291
0.028577
0.028104
0.038628
0.027121
0.030173
0.030761
0.030567
0.032291
0.029239
0.035554
0.031239
0.029590
0.023485
0.022096
0.022666
0.028899
0.025455
0.022128
0.025638
0.021917
0.026279
0.029316
0.022378
0.021869
0.021461
0.028255
0.022261
0.024847
0.020835
0.023979
0.023232
0.024438
0.025761
0.030366
0.029435
0.030080
0.026731
0.031417
0.023762
0.027635
0.024642
0.026388
0.032354
0.028314
0.024289
0.029496
0.035300
0.031050
0.034498
0.034330
0.033308
0.025917
0.026545
0.026616
0.029234
0.024881
0.028411
0.032041
0.028561
0.029347
0.027908
0.030179
0.027512
0.022732
0.023359
0.027757
0.037651
0.023013
0.022025
0.021539
0.021886
0.023991
0.021514
0.029631
0.023230
0.025523
0.032952
0.025882
0.021198
0.025159
0.021797
0.023029
0.021697
0.024338
0.029348
0.037743
0.027363
0.022515
0.028907
0.022763
0.022812
0.022364
0.023442
0.023412
0.025414
0.027545
0.022784
0.021800
0.021223
0.022608
0.021840
0.022975
0.024370
0.027086
0.028246
0.023185
0.026225
0.026701
0.021919
0.022081
0.022306
0.021545
0.021987
0.025325
0.021785
0.021462
0.021757
0.023036
0.024033
0.022560
0.024909
0.021822
0.021943
0.022861
0.022762
0.023612
0.024190
0.025793
0.022266
0.022090
0.025187
0.022475
0.022524
0.022638
0.025621
0.022635
0.032649
0.024349
0.022869
0.023884
0.022958
0.031302
0.022962
0.024123
0.023828
0.023565
0.025708
0.030124
0.026500
0.024698
0.023303
0.024584
0.027815
0.023005
0.023118
0.022424
0.024842
0.022219
0.023104
0.023034
0.023459
0.022764
0.022919
0.022658
0.025932
0.023063
0.023046
0.022365
0.023957
0.024861
0.022645
0.022022
0.022212
0.022467
0.021693
0.022251
0.022493
0.022005
0.022035
0.022553
0.023264
0.022245
0.023703
0.021824
0.022298
0.021889
0.029778
0.022607
0.022571
0.029502
0.022743
0.029765
0.023313
0.022991
0.023099
0.023289
0.028102
0.025309
0.027168
0.022802
0.023008
0.024191
0.024407
0.022514
0.022253
0.022763
0.023247
0.030360
0.023361
0.022462
0.030251
0.026681
0.026230
0.027646
0.027440
0.022312
0.023667
0.024690
0.024581
0.028777
0.022503
0.023972
0.028296
0.023168
0.023859
0.032175
0.031750
0.022850
0.022808
0.021892
0.024341
0.031242
0.028426
0.022365
0.021937
0.023976
0.024118
0.022839
0.025661
0.023575
0.023154
0.027108
0.022661
0.022349
0.026982
0.029201
0.022835
0.022903
0.022976
0.033151
0.029162
0.023277
0.023530
0.023962
0.024508
0.023860
0.023067
0.025515
0.025930
0.022527
0.022874
0.022460
0.027201
0.032580
0.022494
0.023032
0.023935
0.025587
0.026568
0.026467
0.023243
0.024193
0.026043
0.026641
0.028300
0.022650
0.025633
0.027598
0.029899
0.024166
0.024473
0.033339
0.035339
0.031627
0.026740
0.023538
0.029648
0.030484
0.032199
0.026046
0.023898
0.037545
0.037207
0.025956
0.023302
0.026391
0.031194
0.031591
0.022831
0.022998
0.022760
0.025288
0.026156
0.022951
0.023139
0.024861
0.028864
0.032759
0.024280
0.022961
0.024226
0.025552
0.022852
0.022971
0.026594
0.026470
0.026400
0.022653
0.024386
0.026015
0.028614
0.027551
0.029206
0.027688
0.024106
0.033276
0.031032
0.022776
0.022861
0.023524
0.023796
0.027040
0.027715
0.031552
0.023222
0.024234
0.023828
0.023134
0.023382
0.023435
0.026057
0.023799
0.023368
0.024157
0.023444
0.024802
0.023989
0.023860
0.024931
0.023659
0.023543
0.023711
0.023314
0.026573
0.023293
0.023413
0.023251
0.023322
0.023661
0.023779
0.024019
0.025602
0.023906
0.024018
0.023843
0.023759
0.029462
0.025065
0.025387
0.023861
0.023208
0.023985
0.023468
0.023781
0.023502
0.023904
0.023741
0.024118
0.026851
0.025396
0.024721
0.024127
0.024805
0.025995
0.029986
0.024648
0.024716
0.025523
0.027368
0.031577
0.024893
0.023455
0.024498
0.024408
0.024247
0.024487
0.024145
0.024635
0.023329
0.024217
0.025032
0.030335
0.026589
0.025799
0.024639
0.027119
0.026468
0.024053
0.023516
0.024527
0.023565
0.023640
0.023535
0.027739
0.023919
0.028465
0.028809
0.025113
0.025148
0.025018
0.025735
0.032024
0.026456
0.024949
0.024824
0.038728
0.030185
0.025271
0.024170
0.023995
0.024209
0.031776
0.027271
0.027254
0.023662
0.024428
0.033157
0.024495
0.024026
0.025271
0.031526
0.031450
0.023947
0.026386
0.033014
0.031160
0.032259
0.024226
0.028981
0.033306
0.032275
0.025391
0.024479
0.030264
0.039769
0.035410
0.024794
0.027410
0.026052
0.032779
0.028656
0.024126
0.024708
0.024602
0.024483
0.026567
0.030481
0.027167
0.023761
0.024626
0.031880
0.024470
0.027383
0.032239
0.068944
0.045821
0.043028
0.029693
0.030684
0.045001
0.047410
0.040206
0.038987
0.040587
0.039359
0.039099
0.034754
0.034686
0.033475
0.030059
0.033702
0.034866
0.026567
0.026797
0.030392
0.032585
0.037835
0.035746
0.037669
0.040228
0.036317
0.024380
0.025588
0.027642
0.028736
0.034694
0.033598
0.037681
0.041891
0.037826
0.034859
0.036081
0.029369
0.038533
0.052332
0.047720
0.044798
0.044401
0.048468
0.037927
0.041216
0.040347
0.026839
0.032377
0.031784
0.038833
0.032936
0.035629
0.052509
0.034987
0.031116
0.035779
0.030321
0.045700
0.027674
0.028636
0.030246
0.030376
0.033067
0.025387
0.026691
0.030641
0.029859
0.025808
0.030254
0.026398
0.031447
0.036165
0.089379
0.035006
0.028889
0.026121
0.034973
0.034666
0.028587
0.030960
0.033951
0.030636
0.038202
0.026935
0.028705
0.027675
0.025080
0.025235
0.026087
0.058005
0.064696
0.042279
0.041800
0.029279
0.027115
0.031292
0.027435
0.026852
0.025988
0.027279
0.027972
0.026693
0.025138
0.026062
0.024748
0.030166
0.039443
0.049015
0.031134
0.030527
0.041942
0.037780
0.029301
0.025893
0.028479
0.038392
0.047138
0.041873
0.055576
0.042817
0.041425
0.047629
0.048257
0.042562
0.039847
0.033197
0.034019
0.044382
0.025763
0.035031
0.051450
0.040432
0.041079
0.041902
0.037192
0.037452
0.040398
0.034862
0.033700
0.036072
0.048615
0.034552
0.041071
0.037448
0.041722
0.035058
0.034342
0.031743
0.029897
0.026686
0.027887
0.030131
0.030413
0.031284
0.028355
0.025979
0.029079
0.038912
0.037953
0.029243
0.032555
0.037181
0.040888
0.027465
0.033011
0.034731
0.034244
0.026777
0.040017
0.029544
0.041828
0.029964
0.028743
0.038273
0.029220
0.025605
0.025475
0.025794
0.028034
0.042857
0.046458
0.048175
0.124719
0.037762
0.030027
0.034499
0.036033
0.035763
0.032579
0.031402
0.030863
0.027716
0.030689
0.048495
0.033997
0.042498
0.112986
0.030990
0.033787
0.061791
0.049326
0.053618
0.049919
0.054053
0.048511
0.026604
0.027380
0.047012
0.048011
0.037438
0.039854
0.034223
0.053275
0.057809
0.048560
0.035566
0.043442
0.050361
0.045145
0.046391
0.042943
0.042184
0.062286
0.048700
0.058204
0.061656
0.053717
0.046813
0.049011
0.045365
0.041422
0.037100
0.039949
0.032138
0.040815
0.037271
0.035757
0.035467
0.038630
0.036175
0.043269
0.041959
0.034924
0.044497
0.055890
0.054173
0.049998
0.041151
0.041053
0.066179
0.053731
0.050577
0.076098
0.097449
0.089886
0.070088
0.073820
0.092245
0.052838
0.080679
0.054391
0.063013
0.051352
0.056118
0.051086
0.046528
0.046108
0.043250
0.049196
0.047523
0.047325
0.040224
0.036857
0.041068
0.043032
0.050174
0.053081
0.038726
0.032510
0.032332
0.038400
0.031423
0.048981
0.042222
0.033531
0.033360
0.029189
0.032586
0.028647
0.029743
0.036395
0.029537
0.032333
0.027199
0.031501
0.034913
0.030536
0.028600
0.028323
0.064406
0.049060
0.058313
0.048237
0.048390
0.045199
0.046044
0.039974
0.039115
0.038766
0.038510
0.036610
0.037859
0.038083
0.034585
0.039832
0.037412
0.041794
0.040993
0.044710
0.043365
0.038958
0.031547
0.033944
0.031472
0.030069
0.038593
0.031475
0.031168
0.031600
0.032591
0.044254
0.036223
0.039392
0.031231
0.032617
0.030641
0.037539
0.036412
0.034403
0.027637
0.035850
0.045704
0.043762
0.041015
0.040596
0.040018
0.043797
0.046405
0.045173
0.038735
0.038826
0.041169
0.041486
0.037754
0.032335
0.028239
0.038536
0.028664
0.027540
0.042055
0.036806
0.027960
0.026947
0.039633
0.040969
0.041355
0.039663
0.038451
0.038181
0.039426
0.043719
0.039430
0.035642
0.040121
0.039765
0.038611
0.042593
0.065594
0.038482
0.036719
0.037925
0.034575
0.043647
0.036542
0.038636
0.040927
0.045850
0.039195
0.038594
0.034994
0.043372
0.045066
0.046158
0.038720
0.042534
0.047215
0.044889
0.046553
0.051486
0.049475
0.043793
0.042506
0.049832
0.055879
0.028743
0.031326
0.039652
0.042698
0.029606
0.045317
0.029114
0.035839
0.056983
0.050811
0.037816
0.039664
0.029198
0.049842
0.033925
0.037575
0.042886
0.035691
0.037095
0.031536
0.041986
0.057310
0.070677
0.045844
0.036882
0.030124
0.029706
0.033821
0.041160
0.037403
0.036212
0.031586
0.029327
0.032634
0.030995
0.034415
0.032264
0.031818
0.028237
0.027655
0.033340
0.030220
0.027798
0.027998
0.029416
0.029385
0.031966
0.030686
0.028387
0.058423
0.055620
0.080522
0.071216
0.069944
0.036081
0.033036
0.034203
0.043203
0.118358
0.047178
0.041534
0.036421
0.040965
0.047466
0.041623
0.045947
0.036891
0.033014
0.050531
0.043330
0.036812
0.046421
0.042925
0.043419
0.064917
0.053593
0.036716
0.047820
0.031281
0.028857
0.030055
0.035532
0.050777
0.040613
0.036201
0.034090
0.029982
0.035572
0.040026
0.039044
0.046383
0.034425
0.033569
0.041312
0.038278
0.041452
0.034383
0.033392
0.028830
0.035978
0.029507
0.031040
0.028464
0.029623
0.028549
0.028005
0.028066
0.029865
0.028467
0.032501
0.038531
0.029175
0.028970
0.034341
0.027894
0.027661
0.028790
0.031218
0.030308
0.032375
0.028205
0.029498
0.027911
0.027877
0.028095
0.031395
0.030592
0.028889
0.033294
0.030919
0.030036
0.028326
0.033907
0.035333
0.041169
0.028778
0.028849
0.030867
0.034568
0.029910
0.030056
0.029565
0.033696
0.028481
0.029564
0.034210
0.035963
0.028236
0.027902
0.034350
0.036895
0.028366
0.028943
0.036011
0.035241
0.027855
0.031067
0.036340
0.035206
0.029442
0.030833
0.035991
0.035706
0.031513
0.030682
0.043083
0.032359
0.028504
0.027693
0.035058
0.031400
0.028678
0.028457
0.028582
0.029089
0.036495
0.029146
0.029602
0.037040
0.030256
0.028242
0.037523
0.029430
0.028348
0.034184
0.037253
0.030301
0.031946
0.033596
0.039062
0.033461
0.031930
0.029937
0.031176
0.030076
0.040718
0.044506
0.028401
0.028110
0.032514
0.035564
0.029289
0.029093
0.034821
0.034450
0.034242
0.029151
0.030248
0.031760
0.033341
0.030846
0.033722
0.033772
0.041696
0.031878
0.028754
0.037016
0.030998
0.028572
0.028611
0.036375
0.035021
0.029243
0.028681
0.034122
0.034938
0.030402
0.030398
0.030861
0.035124
0.037757
0.034638
0.029790
0.033940
0.038917
0.030007
0.028681
0.031029
0.029785
0.031161
0.029570
0.031212
0.030670
0.028509
0.028783
0.029147
0.028929
0.031603
0.031416
0.031016
0.028949
0.036515
0.034717
0.032313
0.032559
0.034694
0.029937
0.028759
0.034846
0.032160
0.032105
0.029239
0.032927
0.033087
0.036192
0.037339
0.030096
0.033267
0.039843
0.034580
0.043430
0.029253
0.030535
0.032733
0.033031
0.029214
0.028503
0.029922
0.035853
0.028916
0.028653
0.035882
0.029950
0.030763
0.031591
0.029764
0.030140
0.033281
0.029510
0.030952
0.029842
0.030837
0.036890
0.030136
0.036196
0.029363
0.029428
0.029298
0.029402
0.034978
0.029344
0.028934
0.029051
0.029634
0.029472
0.037594
0.029251
0.029067
0.029605
0.029956
0.030040
0.029645
0.029729
0.029756
0.029713
0.030565
0.030445
0.030515
0.030495
0.031435
0.030509
0.032076
0.041036
0.039609
0.036977
0.042610
0.029666
0.032053
0.035896
0.042259
0.043687
0.035267
0.036417
0.033398
0.031309
0.030848
0.039758
0.037234
0.037268
0.038812
0.046749
0.043198
0.045669
0.048021
0.045301
0.050258
0.058672
0.053521
0.041270
0.044425
0.041792
0.048627
0.053371
0.043485
0.046788
0.042711
0.052964
0.048410
0.044920
0.039780
0.045734
0.040886
0.042480
0.043013
0.039040
0.039949
0.030137
0.029506
0.035610
0.043787
0.041741
0.037606
0.036442
0.040478
0.037078
0.043010
0.038560
0.030102
0.031338
0.030315
0.031092
0.033163
0.031274
0.030760
0.030281
0.032222
0.038136
0.038233
0.037711
0.048171
0.038418
0.038601
0.036500
0.036431
0.037141
0.032274
0.030572
0.030721
0.041044
0.030043
0.038393
0.045995
0.042973
0.039952
0.040022
0.038918
0.044074
0.051098
0.046377
0.047523
0.041114
0.037629
0.045539
0.043076
0.045189
0.044098
0.040553
0.033180
0.032928
0.030227
0.030051
0.030840
0.031802
0.042944
0.036388
0.036816
0.031541
0.035775
0.034280
0.037766
0.031957
0.036375
0.035519
0.039766
0.039254
0.039455
0.029895
0.032079
0.031685
0.033134
0.031806
0.042465
0.038648
0.046873
0.035934
0.040236
0.036614
0.033195
0.034775
0.030658
0.038643
0.038865
0.032519
0.031635
0.035937
0.034051
0.031340
0.035340
0.030816
0.030716
0.033320
0.032930
0.041253
0.031243
0.044323
0.035745
0.033814
0.030910
0.030995
0.032747
0.035404
0.031533
0.032280
0.033091
0.032502
0.031386
0.035631
0.033205
0.032671
0.030890
0.036304
0.035669
0.035763
0.032199
0.031698
0.031942
0.033703
0.034404
0.038815
0.033784
0.037626
0.034958
0.035871
0.034660
0.034084
0.034333
0.036625
0.036640
0.034817
0.034527
0.040344
0.037446
0.037262
0.034874
0.034849
0.031735
0.033110
0.034300
0.034195
0.037179
0.036281
0.035365
0.035622
0.036597
0.034449
0.036747
0.035848
0.031111
0.033533
0.037495
0.033864
0.031037
0.032868
0.033265
0.033464
0.033389
0.031946
0.032479
0.032448
0.033642
0.032270
0.032875
0.032149
0.032862
0.047762
0.032684
0.040688
0.034065
0.033022
0.032080
0.031381
0.031984
0.031173
0.031052
0.033042
0.031270
0.031442
0.032580
0.031641
0.031257
0.032156
0.035843
0.037389
0.032377
0.032787
0.032413
0.032300
0.033772
0.032530
0.031805
0.032432
0.033442
0.033746
0.042240
0.032147
0.034804
0.033262
0.032064
0.038983
0.034110
0.033412
0.031525
0.031237
0.032127
0.031262
0.032830
0.031016
0.031114
0.031858
0.031178
0.032000
0.031888
0.032006
0.034405
0.032054
0.031923
0.031173
0.031569
0.038750
0.031710
0.032572
0.032187
0.032562
0.032306
0.040005
0.031237
0.031305
0.033765
0.032750
0.031886
0.031430
0.037588
0.039781
0.031802
0.037158
0.033955
0.032597
0.031753
0.031175
0.031719
0.031650
0.032546
0.031076
0.033607
0.031977
0.032508
0.032043
0.031729
0.031878
0.031386
0.033167
0.032651
0.031987
0.031932
0.035312
0.032871
0.040072
0.031770
0.032772
0.034989
0.032418
0.033124
0.032651
0.031524
0.033361
0.033295
0.033767
0.033307
0.032476
0.032769
0.034900
0.043300
0.032435
0.035331
0.037900
0.036357
0.035249
0.046454
0.033828
0.040098
0.036474
0.035081
0.042781
0.032932
0.033557
0.033043
0.042024
0.037398
0.031811
0.036088
0.032948
0.031709
0.036014
0.033747
0.033886
0.040399
0.035690
0.045074
0.035673
0.032830
0.034967
0.033689
0.032738
0.032017
0.033002
0.035391
0.032920
0.033084
0.035840
0.038890
0.034174
0.032866
0.032804
0.032182
0.031974
0.033322
0.032632
0.033102
0.031820
0.031838
0.031571
0.032437
0.032355
0.032252
0.032235
0.032414
0.032461
0.033587
0.033899
0.033822
0.033453
0.033143
0.033477
0.033976
0.034563
0.034369
0.033887
0.033199
0.034201
0.033558
0.033606
0.032508
0.034458
0.033595
0.033785
0.034264
0.037092
0.035189
0.032201
0.032367
0.033264
0.036001
0.066928
0.170494
0.037492
0.041801
0.210690
0.034518
0.033614
0.033485
0.034859
0.036564
0.039204
0.036577
0.165092
0.037776
0.033559
0.036496
0.094684
0.046298
0.045678
0.033755
0.033215
0.033556
0.037147
0.035057
0.035378
0.033550
0.035797
0.035965
0.037371
0.043040
0.036329
0.034234
0.040010
0.039812
0.038150
0.040216
0.043939
0.037066
0.035879
0.038696
0.040789
0.046573
0.049955
0.037891
0.039996
0.052105
0.071496
0.035492
0.036696
0.203178
0.036691
0.034696
0.038667
0.170743
0.036496
0.036979
0.069687
0.036854
0.034569
0.034126
0.035360
0.033746
0.037906
0.033390
0.033410
0.034357
0.036571
0.034428
0.033174
0.032877
0.033305
0.033007
0.033511
0.034866
0.041442
0.036687
0.036448
0.036901
0.042193
0.033310
0.034596
0.033284
0.033779
0.037590
0.068005
0.036681
0.036132
0.039297
0.034105
0.033728
0.032939
0.032948
0.033402
0.032863
0.032883
0.033577
0.033474
0.033571
0.033239
0.033898
0.033504
0.033227
0.034281
0.033608
0.033633
0.039201
0.034453
0.033407
0.033614
0.033629
0.034803
0.033532
0.033452
0.033977
0.032954
0.033418
0.033814
0.033233
0.033560
0.033737
0.033381
0.034656
0.034305
0.033307
0.034020
0.033106
0.033460
0.033325
0.034065
0.034867
0.034009
0.033260
0.033570
0.033964
0.033964
0.035097
0.033923
0.034008
0.034208
0.034805
0.033535
0.034428
0.034946
0.034834
0.034918
0.035182
0.034089
0.033950
0.034614
0.033651
0.033993
0.033758
0.034066
0.034190
0.034333
0.034548
0.034143
0.036033
0.034619
0.034051
0.035734
0.034247
0.033690
0.043560
0.034947
0.035378
0.035509
0.033794
0.033686
0.033465
0.033780
0.033643
0.033758
0.034130
0.034065
0.033824
0.033952
0.034778
0.033910
0.034215
0.034269
0.033740
0.035453
0.034294
0.035421
0.034156
0.035085
0.034237
0.034459
0.035037
0.034327
0.034202
0.034120
0.040140
0.034686
0.037532
0.035570
0.035363
0.035740
0.034821
0.034260
0.033836
0.034245
0.034593
0.035681
0.035666
0.036020
0.034425
0.035582
0.034346
0.036252
0.034823
0.035379
0.036081
0.035168
0.036547
0.036090
0.038491
0.040106
0.037950
0.034797
0.035103
0.035378
0.035730
0.034610
0.034526
0.034878
0.035166
0.035677
0.034546
0.035316
0.035020
0.039022
0.035026
0.035450
0.035373
0.036241
0.035077
0.039814
0.045940
0.048657
0.037013
0.036152
0.035014
0.034244
0.035526
0.034798
0.035099
0.039911
0.038781
0.039390
0.040817
0.035056
0.034744
0.034594
0.034477
0.034277
0.034286
0.043528
0.040487
0.040291
0.037165
0.034638
0.035123
0.034765
0.035258
0.034623
0.034678
0.034950
0.034615
0.034519
0.035722
0.034620
0.035611
0.034364
0.035127
0.038187
0.035665
0.036776
0.037697
0.034934
0.037068
0.034538
0.035798
0.035491
0.034815
0.049969
0.038172
0.036559
0.039107
0.041316
0.037441
0.035356
0.036458
0.035580
0.034795
0.035782
0.034476
0.035181
0.034528
0.042267
0.035759
0.036127
0.035838
0.035625
0.034714
0.035251
0.036441
0.035313
0.035359
0.035200
0.035511
0.034301
0.035093
0.035004
0.034706
0.035587
0.034758
0.035129
0.034644
0.034682
0.034609
0.035104
0.035011
0.035990
0.035277
0.037201
0.079114
0.108303
0.035898
0.035342
0.035150
0.035723
0.034919
0.036100
0.035589
0.035660
0.035293
0.035232
0.036596
0.035054
0.035692
0.035807
0.036127
0.034907
0.035484
0.035515
0.035217
0.034850
0.036072
0.035166
0.034921
0.035578
0.035448
0.035387
0.034904
0.036583
0.035795
0.036183
0.034831
0.035687
0.074724
0.090205
0.035945
0.036628
0.035596
0.036261
0.035298
0.035608
0.034938
0.035506
0.036042
0.035268
0.035327
0.036101
0.035734
0.035060
0.036734
0.035631
0.036510
0.036614
0.037564
0.035807
0.036111
0.035664
0.036462
0.035591
0.035400
0.035405
0.035872
0.035037
0.034830
0.035277
0.035240
0.034971
0.120837
0.068356
0.035264
0.035777
0.035528
0.036023
0.036428
0.037799
0.035358
0.043629
0.039370
0.037177
0.035678
0.035158
0.036186
0.042853
0.043754
0.040502
0.040004
0.045832
0.035387
0.040119
0.036905
0.035600
0.036910
0.036419
0.035557
0.035558
0.035644
0.035226
0.036753
0.035059
0.037444
0.060155
0.123311
0.037923
0.035546
0.037165
0.035593
0.035618
0.035928
0.035596
0.036021
0.037369
0.037151
0.036405
0.037536
0.035137
0.038533
0.035970
0.037984
0.035730
0.037022
0.035337
0.040675
0.036266
0.036215
0.035658
0.036154
0.035466
0.035136
0.036219
0.035723
0.035768
0.037453
0.035915
0.036837
0.160957
0.036041
0.037748
0.035948
0.037065
0.036469
0.038295
0.036269
0.037694
0.036263
0.036211
0.036454
0.036044
0.036308
0.037866
0.035731
0.037467
0.036165
0.036131
0.038102
0.036049
0.036252
0.036294
0.036757
0.036011
0.037189
0.036127
0.036309
0.037845
0.037286
0.047121
0.038022
0.060398
0.168452
0.129793
0.155642
0.069249
0.039302
0.045516
0.040838
